0 0.108984 0.363194 0.117969 0.276389
0 0.239453 0.363889 0.113281 0.283333
0 0.394922 0.380556 0.103906 0.297222
0 0.567578 0.390972 0.097656 0.312500
0 0.759375 0.402778 0.114062 0.336111
1 0.100000 0.221528 0.064062 0.109722
1 0.117969 0.427083 0.064062 0.109722
1 0.242188 0.318750 0.062500 0.104167
1 0.242969 0.422222 0.064062 0.113889
1 0.385937 0.228472 0.070312 0.129167
1 0.573047 0.226389 0.075781 0.144444
1 0.565234 0.342361 0.069531 0.120833
1 0.571875 0.467361 0.073438 0.137500
2 0.102344 0.327778 0.071875 0.105556
2 0.225000 0.228472 0.067187 0.112500
2 0.398438 0.344444 0.065625 0.119444
2 0.394141 0.449306 0.067969 0.118056
2 0.769141 0.220833 0.083594 0.155556
2 0.756250 0.359028 0.079687 0.137500
2 0.754687 0.477778 0.078125 0.133333
