0 0.172656 0.520833 0.104688 0.261111
0 0.292578 0.522917 0.099219 0.262500
0 0.440234 0.556944 0.092969 0.280556
0 0.600391 0.584028 0.092969 0.293056
0 0.775391 0.606944 0.100781 0.313889
1 0.166016 0.398611 0.057031 0.097222
1 0.179297 0.576389 0.060156 0.097222
1 0.298047 0.485417 0.057031 0.095833
1 0.294531 0.579861 0.057813 0.106944
1 0.432812 0.420833 0.062500 0.113889
1 0.605469 0.434028 0.071875 0.123611
1 0.597266 0.533333 0.067969 0.105556
1 0.601953 0.648611 0.069531 0.125000
2 0.167969 0.493750 0.065625 0.098611
2 0.282422 0.411806 0.058594 0.104167
2 0.443359 0.531944 0.058594 0.108333
2 0.436719 0.618750 0.062500 0.104167
2 0.787891 0.443056 0.078906 0.133333
2 0.775781 0.572917 0.073438 0.120833
2 0.774609 0.668056 0.075781 0.125000
