0 0.155469 0.543750 0.106250 0.254167
0 0.278516 0.543750 0.097656 0.259722
0 0.431641 0.568056 0.092969 0.275000
0 0.588281 0.584722 0.090625 0.286111
0 0.757812 0.597222 0.098437 0.302778
1 0.148828 0.420833 0.057031 0.097222
1 0.164844 0.602083 0.064062 0.098611
1 0.283203 0.501389 0.055469 0.097222
1 0.283594 0.592361 0.059375 0.104167
1 0.423828 0.434722 0.064844 0.111111
1 0.595703 0.440972 0.067969 0.118056
1 0.588672 0.534722 0.063281 0.108333
1 0.594922 0.646528 0.066406 0.120833
2 0.151953 0.517361 0.064844 0.101389
2 0.269922 0.427778 0.060156 0.097222
2 0.436328 0.538889 0.052344 0.108333
2 0.427734 0.627083 0.060156 0.101389
2 0.769531 0.443056 0.075000 0.119444
2 0.758984 0.568750 0.067969 0.123611
2 0.758984 0.660417 0.067969 0.112500
