0 0.139063 0.570833 0.107813 0.261111
0 0.267578 0.563889 0.099219 0.269444
0 0.424609 0.582639 0.094531 0.276389
0 0.585547 0.593056 0.086719 0.286111
0 0.750391 0.599306 0.097656 0.298611
1 0.130469 0.444444 0.060937 0.094444
1 0.146094 0.627083 0.060937 0.093056
1 0.270313 0.520833 0.057813 0.094444
1 0.270313 0.615278 0.060937 0.105556
1 0.418359 0.447917 0.060156 0.106944
1 0.591016 0.446528 0.067969 0.112500
1 0.580859 0.543056 0.064844 0.111111
1 0.587500 0.654167 0.064062 0.122222
2 0.135547 0.543056 0.067969 0.102778
2 0.258594 0.447917 0.059375 0.101389
2 0.429688 0.554167 0.060937 0.108333
2 0.423047 0.638194 0.061719 0.109722
2 0.757031 0.450694 0.071875 0.123611
2 0.750391 0.565278 0.069531 0.116667
2 0.748047 0.658333 0.064844 0.108333
