0 0.144922 0.538889 0.108594 0.261111
0 0.275000 0.529167 0.096875 0.263889
0 0.433594 0.542361 0.089063 0.268056
0 0.593359 0.544444 0.083594 0.277778
0 0.751953 0.545833 0.094531 0.280556
1 0.137500 0.413194 0.060937 0.098611
1 0.150391 0.595139 0.058594 0.104167
1 0.276562 0.487500 0.054688 0.097222
1 0.276953 0.581250 0.058594 0.106944
1 0.427734 0.410417 0.058594 0.109722
1 0.600000 0.407639 0.062500 0.112500
1 0.588672 0.497917 0.060156 0.104167
1 0.596484 0.605556 0.063281 0.113889
2 0.144141 0.513194 0.064844 0.104167
2 0.268359 0.413194 0.057031 0.095833
2 0.441016 0.512500 0.060156 0.097222
2 0.430469 0.597222 0.059375 0.105556
2 0.759766 0.400000 0.066406 0.113889
2 0.750781 0.511806 0.062500 0.112500
2 0.746875 0.603472 0.062500 0.106944
