0 0.124609 0.574306 0.114844 0.284722
0 0.262109 0.552083 0.100781 0.268056
0 0.431641 0.549306 0.089844 0.273611
0 0.589063 0.538889 0.084375 0.272222
0 0.737500 0.526389 0.084375 0.272222
1 0.114453 0.443750 0.061719 0.101389
1 0.131641 0.635417 0.063281 0.104167
1 0.263672 0.506944 0.060156 0.105556
1 0.265234 0.605556 0.063281 0.111111
1 0.423828 0.417361 0.063281 0.106944
1 0.597656 0.404167 0.064062 0.113889
1 0.584375 0.493750 0.057813 0.098611
1 0.594141 0.597917 0.061719 0.112500
2 0.123047 0.545833 0.066406 0.108333
2 0.256641 0.434028 0.061719 0.101389
2 0.440625 0.524306 0.059375 0.104167
2 0.744141 0.388194 0.067969 0.112500
2 0.739453 0.493056 0.067969 0.100000
2 0.736719 0.588194 0.064062 0.098611
2 0.428125 0.611111 0.062500 0.105556
