0 0.148438 0.618750 0.121875 0.304167
0 0.296484 0.586111 0.110156 0.288889
0 0.475781 0.577778 0.095312 0.286111
0 0.639844 0.558333 0.092188 0.286111
0 0.794141 0.538889 0.097656 0.286111
1 0.136719 0.481944 0.065625 0.111111
1 0.156250 0.688194 0.068750 0.109722
1 0.298828 0.547222 0.060156 0.097222
1 0.299609 0.647222 0.063281 0.111111
1 0.468359 0.440278 0.064844 0.111111
1 0.651563 0.418056 0.067187 0.119444
1 0.636719 0.510417 0.067187 0.109722
1 0.644531 0.618750 0.065625 0.120833
2 0.148047 0.594444 0.075781 0.116667
2 0.292578 0.465972 0.067969 0.118056
2 0.483594 0.545833 0.064062 0.105556
2 0.471484 0.640972 0.067969 0.115278
2 0.799219 0.390278 0.068750 0.119444
2 0.795703 0.503472 0.067969 0.109722
2 0.791016 0.598611 0.069531 0.108333
