0 0.143359 0.636111 0.130469 0.319444
0 0.299609 0.595833 0.111719 0.302778
0 0.485547 0.569444 0.096094 0.291667
0 0.648047 0.542361 0.096094 0.290278
0 0.796875 0.515278 0.101562 0.280556
1 0.131250 0.489583 0.070312 0.120833
1 0.153125 0.702778 0.078125 0.122222
1 0.300391 0.546528 0.061719 0.104167
1 0.301172 0.654861 0.066406 0.112500
1 0.478125 0.429167 0.064062 0.113889
1 0.661328 0.400694 0.066406 0.115278
1 0.642969 0.497917 0.060937 0.104167
1 0.654297 0.602778 0.067969 0.119444
2 0.144141 0.607639 0.078906 0.126389
2 0.297656 0.465278 0.067187 0.116667
2 0.497656 0.538889 0.065625 0.105556
2 0.482422 0.633333 0.066406 0.113889
2 0.799609 0.370139 0.069531 0.112500
2 0.798047 0.481250 0.066406 0.109722
2 0.789453 0.572917 0.066406 0.098611
