0 0.159375 0.618750 0.128125 0.323611
0 0.316797 0.570139 0.114844 0.301389
0 0.500391 0.542361 0.099219 0.284722
0 0.656250 0.504861 0.093750 0.281944
0 0.791406 0.477083 0.096875 0.265278
1 0.145703 0.468056 0.074219 0.122222
1 0.164062 0.685417 0.073438 0.115278
1 0.311328 0.522222 0.060156 0.102778
1 0.313672 0.631250 0.072656 0.118056
1 0.491016 0.401389 0.067969 0.111111
1 0.667188 0.369444 0.067187 0.116667
1 0.647266 0.465972 0.061719 0.104167
1 0.657031 0.569444 0.060937 0.113889
2 0.159766 0.585417 0.078906 0.126389
2 0.312500 0.440278 0.070312 0.116667
2 0.510156 0.509028 0.064062 0.112500
2 0.496094 0.603472 0.067187 0.115278
2 0.794531 0.339583 0.067187 0.109722
2 0.795312 0.445139 0.062500 0.104167
2 0.784766 0.538194 0.061719 0.095833
