0 0.166797 0.509028 0.128906 0.323611
0 0.329688 0.475694 0.107813 0.304167
0 0.514453 0.456944 0.092969 0.291667
0 0.675000 0.434028 0.093750 0.273611
0 0.812891 0.417361 0.097656 0.265278
1 0.157031 0.351389 0.071875 0.125000
1 0.171094 0.581250 0.076563 0.120833
1 0.323828 0.427778 0.063281 0.113889
1 0.323437 0.541667 0.068750 0.119444
1 0.509766 0.313194 0.066406 0.120833
1 0.689453 0.286111 0.069531 0.116667
1 0.668359 0.393750 0.063281 0.112500
1 0.679297 0.502083 0.067969 0.120833
2 0.169922 0.472222 0.082031 0.127778
2 0.326953 0.334722 0.067969 0.119444
2 0.527344 0.422222 0.062500 0.102778
2 0.509766 0.525694 0.064844 0.115278
2 0.817578 0.272917 0.069531 0.112500
2 0.817578 0.383333 0.069531 0.113889
2 0.807813 0.480556 0.065625 0.108333
