0 0.151953 0.554861 0.121094 0.320833
0 0.309766 0.521528 0.102344 0.298611
0 0.497266 0.507639 0.094531 0.287500
0 0.653125 0.486806 0.092188 0.273611
0 0.788281 0.468750 0.098437 0.262500
1 0.142187 0.397917 0.071875 0.120833
1 0.152734 0.627778 0.074219 0.125000
1 0.308594 0.476389 0.068750 0.111111
1 0.307031 0.587500 0.073438 0.122222
1 0.491016 0.366667 0.064844 0.113889
1 0.665234 0.341667 0.066406 0.119444
1 0.645312 0.440972 0.065625 0.112500
1 0.653516 0.550694 0.066406 0.118056
2 0.153516 0.519444 0.078906 0.127778
2 0.310937 0.382639 0.070312 0.120833
2 0.506641 0.475000 0.064844 0.108333
2 0.488281 0.572917 0.068750 0.115278
2 0.792188 0.328472 0.068750 0.112500
2 0.792969 0.437500 0.062500 0.102778
2 0.782031 0.527778 0.065625 0.097222
