0 0.154688 0.652778 0.115625 0.300000
0 0.306641 0.620139 0.097656 0.281944
0 0.482812 0.602083 0.084375 0.270833
0 0.635156 0.584722 0.093750 0.263889
0 0.768359 0.566667 0.097656 0.255556
1 0.148047 0.504861 0.072656 0.120833
1 0.157031 0.715278 0.071875 0.116667
1 0.307422 0.577083 0.060156 0.104167
1 0.301953 0.675694 0.061719 0.115278
1 0.476953 0.471528 0.060156 0.109722
1 0.647266 0.453472 0.061719 0.109722
1 0.628516 0.541667 0.060156 0.094444
1 0.635938 0.644444 0.062500 0.111111
2 0.158594 0.621528 0.075000 0.115278
2 0.307031 0.493056 0.062500 0.105556
2 0.492188 0.573611 0.064062 0.100000
2 0.476953 0.663889 0.063281 0.108333
2 0.775000 0.431250 0.067187 0.109722
2 0.771484 0.531944 0.064844 0.097222
2 0.762109 0.624306 0.064844 0.095833
