0 0.130469 0.614583 0.114062 0.295833
0 0.278516 0.584722 0.097656 0.272222
0 0.451172 0.578472 0.083594 0.270833
0 0.601953 0.563194 0.080469 0.265278
0 0.741797 0.547222 0.091406 0.258333
1 0.122266 0.477778 0.066406 0.113889
1 0.133203 0.678472 0.069531 0.115278
1 0.276953 0.549306 0.060156 0.093056
1 0.276953 0.643750 0.063281 0.109722
1 0.445703 0.447917 0.060156 0.106944
1 0.617969 0.431250 0.062500 0.109722
1 0.599609 0.518056 0.061719 0.102778
1 0.607812 0.620139 0.060937 0.115278
2 0.130078 0.583333 0.074219 0.116667
2 0.275391 0.465972 0.064844 0.109722
2 0.459375 0.548611 0.057813 0.097222
2 0.446484 0.638194 0.061719 0.109722
2 0.750391 0.411806 0.064844 0.112500
2 0.746484 0.518750 0.064844 0.115278
2 0.741406 0.601389 0.065625 0.094444
