0 0.094922 0.593056 0.116406 0.300000
0 0.247656 0.572222 0.098437 0.283333
0 0.426563 0.577778 0.084375 0.283333
0 0.593359 0.571528 0.089844 0.279167
0 0.746484 0.562500 0.099219 0.277778
2 0.752344 0.415972 0.067187 0.115278
2 0.747266 0.529861 0.066406 0.112500
2 0.739453 0.618750 0.063281 0.104167
1 0.604297 0.429167 0.064844 0.113889
1 0.587500 0.522222 0.062500 0.111111
1 0.593750 0.631944 0.065625 0.116667
1 0.422656 0.438194 0.065625 0.115278
2 0.436328 0.546528 0.063281 0.109722
2 0.421484 0.636806 0.064844 0.112500
2 0.244141 0.445833 0.066406 0.116667
1 0.249609 0.529167 0.063281 0.102778
1 0.245703 0.631250 0.069531 0.115278
1 0.088281 0.450000 0.070312 0.111111
2 0.094141 0.563889 0.078906 0.119444
1 0.099219 0.654167 0.070312 0.116667
