0 0.080859 0.544444 0.119531 0.288889
0 0.229687 0.533333 0.104688 0.283333
0 0.405469 0.545833 0.087500 0.294444
0 0.574219 0.548611 0.092188 0.294444
0 0.737109 0.553472 0.103906 0.290278
1 0.072656 0.404861 0.068750 0.106944
2 0.079687 0.513194 0.075000 0.115278
2 0.222656 0.407639 0.065625 0.109722
1 0.086719 0.606250 0.070312 0.106944
1 0.231641 0.489583 0.063281 0.104167
1 0.228906 0.590972 0.067187 0.112500
1 0.399609 0.406944 0.066406 0.116667
2 0.412109 0.518750 0.063281 0.104167
2 0.400391 0.608333 0.063281 0.113889
1 0.584766 0.409722 0.067969 0.122222
1 0.569922 0.505556 0.064844 0.108333
1 0.576172 0.615972 0.067969 0.120833
2 0.747266 0.403472 0.071094 0.120833
2 0.738672 0.522917 0.069531 0.118056
2 0.731250 0.612500 0.065625 0.108333
