0 0.115234 0.489583 0.110156 0.270833
0 0.248828 0.484722 0.096094 0.263889
0 0.411328 0.504861 0.086719 0.270833
0 0.575391 0.514583 0.088281 0.281944
0 0.737500 0.522917 0.098437 0.287500
2 0.746484 0.370833 0.071094 0.119444
2 0.737109 0.486806 0.069531 0.118056
2 0.732422 0.580556 0.067969 0.111111
1 0.582422 0.373611 0.066406 0.116667
1 0.569922 0.468750 0.063281 0.106944
1 0.575391 0.577083 0.066406 0.118056
1 0.405469 0.368750 0.062500 0.112500
2 0.416797 0.473611 0.060156 0.102778
2 0.407031 0.562500 0.060937 0.105556
2 0.241406 0.364583 0.060937 0.104167
1 0.252734 0.443056 0.057031 0.100000
1 0.251563 0.538889 0.059375 0.102778
1 0.107813 0.360417 0.060937 0.101389
2 0.112891 0.460417 0.067969 0.104167
1 0.121094 0.548611 0.064062 0.097222
