0 0.166406 0.436806 0.100000 0.248611
0 0.287109 0.436111 0.091406 0.247222
0 0.433984 0.457639 0.083594 0.259722
0 0.589844 0.473611 0.084375 0.269444
0 0.752344 0.483333 0.098437 0.283333
2 0.761328 0.329861 0.072656 0.120833
2 0.751563 0.450000 0.067187 0.119444
2 0.748047 0.540278 0.064844 0.108333
1 0.595313 0.330556 0.064062 0.113889
1 0.585938 0.423611 0.060937 0.105556
1 0.591406 0.531250 0.064062 0.112500
1 0.428125 0.325694 0.060937 0.104167
2 0.437891 0.427778 0.057031 0.097222
2 0.430859 0.514583 0.058594 0.098611
2 0.278125 0.322222 0.056250 0.094444
1 0.289453 0.397222 0.053906 0.091667
1 0.289844 0.486806 0.056250 0.101389
1 0.158984 0.315972 0.055469 0.093056
2 0.162891 0.409028 0.063281 0.098611
1 0.173047 0.493056 0.057031 0.091667
