0 0.155078 0.422222 0.102344 0.236111
0 0.269922 0.419444 0.094531 0.241667
0 0.409766 0.436806 0.089844 0.259722
0 0.562109 0.450694 0.085156 0.268056
0 0.730469 0.458333 0.093750 0.286111
2 0.735938 0.295833 0.071875 0.122222
2 0.725781 0.418056 0.070312 0.119444
2 0.728125 0.518056 0.070312 0.108333
1 0.565234 0.303472 0.066406 0.115278
1 0.559766 0.398611 0.061719 0.105556
1 0.566016 0.509722 0.063281 0.113889
1 0.403125 0.304861 0.060937 0.106944
2 0.412891 0.405556 0.057031 0.097222
2 0.409375 0.495139 0.057813 0.101389
2 0.258594 0.304167 0.056250 0.097222
1 0.274609 0.379167 0.053906 0.094444
1 0.273828 0.471528 0.057031 0.098611
1 0.148047 0.302778 0.055469 0.088889
2 0.150391 0.393750 0.061719 0.095833
1 0.163672 0.475000 0.057031 0.094444
