0 0.105469 0.381944 0.110937 0.252778
0 0.225391 0.368750 0.105469 0.256944
0 0.371094 0.367361 0.101562 0.276389
0 0.531641 0.365278 0.096094 0.288889
0 0.707812 0.356250 0.100000 0.306944
2 0.712500 0.181250 0.076563 0.137500
2 0.704297 0.311111 0.072656 0.125000
2 0.708984 0.427083 0.072656 0.120833
1 0.530078 0.202083 0.071094 0.129167
1 0.527734 0.313889 0.066406 0.116667
1 0.536328 0.432639 0.067969 0.126389
1 0.360938 0.225000 0.064062 0.116667
2 0.372656 0.331250 0.060937 0.104167
2 0.371875 0.434028 0.062500 0.106944
2 0.210156 0.242361 0.062500 0.104167
1 0.229687 0.330556 0.057813 0.094444
1 0.231641 0.426389 0.060156 0.100000
1 0.096094 0.252778 0.059375 0.094444
2 0.098828 0.351389 0.066406 0.105556
1 0.114453 0.438889 0.061719 0.097222
