1 0.106250 0.228472 0.064062 0.106944
1 0.126172 0.429167 0.063281 0.111111
1 0.244531 0.312500 0.065625 0.108333
1 0.242969 0.425694 0.065625 0.118056
1 0.378516 0.215972 0.072656 0.134722
1 0.564844 0.184722 0.085938 0.144444
1 0.562500 0.318750 0.075000 0.126389
1 0.571875 0.456944 0.070312 0.155556
2 0.109375 0.331944 0.071875 0.105556
2 0.221094 0.222222 0.067187 0.116667
2 0.388672 0.329861 0.067969 0.115278
2 0.389844 0.443056 0.070312 0.119444
2 0.779687 0.171528 0.096875 0.159722
2 0.767969 0.323611 0.089063 0.150000
2 0.772266 0.465278 0.086719 0.141667
0 0.116016 0.368056 0.117969 0.275000
0 0.236328 0.361806 0.113281 0.290278
0 0.387109 0.368750 0.113281 0.315278
0 0.565625 0.376389 0.109375 0.336111
0 0.772266 0.376389 0.114844 0.363889
