0 0.136328 0.334722 0.117969 0.269444
0 0.259766 0.331944 0.108594 0.277778
0 0.407422 0.348611 0.110156 0.308333
1 0.129297 0.194444 0.063281 0.100000
1 0.148047 0.398611 0.066406 0.091667
2 0.244531 0.193750 0.067187 0.115278
2 0.128906 0.298611 0.071875 0.108333
2 0.410547 0.305556 0.066406 0.111111
2 0.409766 0.425000 0.071094 0.113889
1 0.400000 0.186111 0.071875 0.127778
1 0.264062 0.286806 0.062500 0.106944
1 0.264062 0.397222 0.065625 0.105556
1 0.589063 0.168056 0.081250 0.144444
1 0.585938 0.303472 0.075000 0.120833
1 0.590234 0.438889 0.074219 0.141667
2 0.805469 0.158333 0.095312 0.161111
2 0.792578 0.314583 0.089844 0.145833
2 0.793359 0.457639 0.088281 0.129167
0 0.587500 0.363194 0.106250 0.331944
0 0.796094 0.372917 0.123438 0.368056
