0 0.165234 0.431250 0.110156 0.262500
0 0.282031 0.440278 0.104688 0.269444
1 0.158203 0.300000 0.058594 0.097222
2 0.158203 0.400000 0.066406 0.097222
2 0.270703 0.314583 0.060156 0.104167
1 0.287109 0.398611 0.058594 0.097222
1 0.287109 0.499306 0.060156 0.101389
1 0.173437 0.490278 0.062500 0.094444
0 0.427344 0.483333 0.100000 0.294444
1 0.421484 0.331944 0.067969 0.122222
2 0.426563 0.546528 0.064062 0.104167
2 0.430469 0.446528 0.060937 0.106944
0 0.596484 0.515278 0.099219 0.316667
1 0.599219 0.349306 0.078125 0.131944
1 0.592969 0.463194 0.070312 0.109722
1 0.597656 0.585417 0.073438 0.129167
0 0.787500 0.552778 0.123438 0.355556
2 0.800781 0.362500 0.089063 0.138889
2 0.785547 0.509028 0.083594 0.140278
2 0.785156 0.627083 0.081250 0.120833
