0 0.242188 0.476389 0.104688 0.269444
2 0.230469 0.356944 0.062500 0.100000
1 0.246484 0.439583 0.061719 0.093056
1 0.246094 0.533333 0.062500 0.100000
0 0.117578 0.473611 0.113281 0.263889
1 0.108984 0.345139 0.061719 0.101389
2 0.110937 0.443056 0.070312 0.102778
1 0.124609 0.533333 0.061719 0.091667
0 0.394141 0.512500 0.096094 0.286111
1 0.387891 0.370139 0.067969 0.112500
2 0.398828 0.481944 0.063281 0.102778
2 0.392969 0.579167 0.064062 0.102778
0 0.559766 0.539583 0.092969 0.304167
1 0.563672 0.386806 0.071094 0.123611
1 0.557422 0.492361 0.066406 0.104167
1 0.561328 0.606250 0.067969 0.120833
0 0.739062 0.565278 0.109375 0.322222
2 0.748437 0.394444 0.079687 0.130556
2 0.734766 0.527778 0.074219 0.125000
2 0.733594 0.631250 0.073438 0.112500
