0 0.753906 0.572222 0.109375 0.316667
2 0.762500 0.402778 0.081250 0.130556
2 0.753125 0.535417 0.073438 0.123611
2 0.748437 0.634028 0.071875 0.118056
0 0.576172 0.559722 0.092969 0.305556
1 0.581250 0.402778 0.073438 0.116667
1 0.571875 0.509722 0.067187 0.100000
1 0.576953 0.623611 0.067969 0.122222
0 0.403516 0.544444 0.100781 0.291667
1 0.395703 0.395833 0.067969 0.119444
0 0.236719 0.512500 0.109375 0.286111
2 0.224609 0.390972 0.064844 0.106944
1 0.240234 0.471528 0.061719 0.093056
1 0.240234 0.572222 0.064844 0.108333
0 0.101172 0.520139 0.121094 0.279167
1 0.091016 0.381250 0.064844 0.101389
2 0.095703 0.490278 0.072656 0.111111
1 0.110547 0.583333 0.064844 0.097222
2 0.407813 0.510417 0.062500 0.109722
2 0.400781 0.604861 0.064062 0.104167
