0 0.098047 0.590972 0.136719 0.306944
0 0.247266 0.577083 0.117969 0.298611
0 0.430859 0.600694 0.107031 0.306944
0 0.610938 0.607639 0.098437 0.315278
0 0.801562 0.613194 0.117188 0.323611
2 0.808984 0.438889 0.083594 0.133333
2 0.801562 0.574306 0.078125 0.131944
2 0.790625 0.679861 0.071875 0.131944
1 0.622266 0.445139 0.074219 0.120833
1 0.608203 0.554861 0.071094 0.106944
1 0.616797 0.679861 0.075781 0.126389
1 0.420703 0.445833 0.072656 0.125000
2 0.436719 0.565278 0.067187 0.108333
2 0.425391 0.666667 0.069531 0.108333
2 0.235937 0.447917 0.068750 0.118056
2 0.095703 0.562500 0.078906 0.116667
1 0.249219 0.529167 0.067187 0.102778
1 0.251172 0.636111 0.067969 0.116667
1 0.085938 0.447222 0.068750 0.108333
1 0.106250 0.655556 0.075000 0.108333
