0 0.819141 0.596528 0.116406 0.331944
2 0.808203 0.659028 0.071094 0.123611
2 0.818359 0.555556 0.080469 0.127778
2 0.825391 0.425000 0.083594 0.136111
0 0.635156 0.613194 0.101562 0.329167
1 0.644141 0.444444 0.077344 0.125000
1 0.627734 0.556250 0.072656 0.115278
1 0.638281 0.677778 0.078125 0.133333
0 0.442969 0.625000 0.107813 0.325000
1 0.433594 0.461806 0.075000 0.129167
2 0.450391 0.589583 0.071094 0.118056
2 0.439453 0.688889 0.074219 0.122222
0 0.239063 0.620833 0.121875 0.327778
2 0.229297 0.480556 0.074219 0.122222
1 0.241016 0.570139 0.071094 0.112500
1 0.242969 0.684028 0.075000 0.120833
0 0.072266 0.639583 0.142969 0.359722
1 0.055859 0.491667 0.078906 0.125000
2 0.069922 0.615278 0.086719 0.133333
1 0.081250 0.720833 0.081250 0.122222
