0 0.839063 0.559028 0.114062 0.306944
2 0.846484 0.392361 0.080469 0.126389
2 0.841406 0.520833 0.076563 0.119444
2 0.830078 0.620833 0.066406 0.113889
0 0.666406 0.578472 0.100000 0.309722
1 0.678516 0.422222 0.075781 0.127778
1 0.660156 0.524306 0.068750 0.112500
1 0.670703 0.643750 0.074219 0.123611
0 0.484375 0.597917 0.100000 0.309722
1 0.475391 0.441667 0.071094 0.119444
2 0.494531 0.560417 0.071875 0.109722
2 0.479297 0.659028 0.069531 0.120833
2 0.278906 0.469444 0.068750 0.119444
1 0.287891 0.554861 0.067969 0.104167
1 0.288281 0.666667 0.070312 0.119444
0 0.286328 0.603472 0.116406 0.312500
0 0.121875 0.640278 0.137500 0.327778
1 0.108594 0.482639 0.075000 0.115278
2 0.120703 0.607639 0.085156 0.126389
1 0.130469 0.709722 0.076563 0.111111
