2 0.296094 0.421528 0.070312 0.118056
1 0.300781 0.507639 0.064062 0.098611
1 0.303906 0.614583 0.065625 0.118056
1 0.484375 0.397222 0.068750 0.122222
2 0.501563 0.504861 0.067187 0.106944
2 0.487891 0.604861 0.067969 0.112500
0 0.491406 0.543750 0.093750 0.295833
0 0.302344 0.555556 0.110937 0.300000
1 0.129297 0.439583 0.072656 0.118056
2 0.142187 0.557639 0.081250 0.126389
1 0.150000 0.658333 0.075000 0.108333
0 0.142969 0.592361 0.129688 0.315278
1 0.676562 0.369444 0.073438 0.122222
1 0.657031 0.469444 0.065625 0.111111
1 0.667188 0.585417 0.068750 0.120833
0 0.662500 0.522222 0.093750 0.297222
2 0.829297 0.343750 0.069531 0.115278
2 0.825391 0.461111 0.066406 0.116667
2 0.816406 0.557639 0.060937 0.106944
0 0.823438 0.498611 0.103125 0.288889
