0 0.189453 0.558333 0.117969 0.305556
1 0.177344 0.407639 0.070312 0.115278
2 0.190625 0.525000 0.076563 0.122222
1 0.192578 0.622222 0.074219 0.111111
2 0.341406 0.386806 0.064062 0.112500
0 0.339844 0.519444 0.103125 0.291667
1 0.342578 0.472917 0.064844 0.101389
1 0.344531 0.579167 0.067187 0.111111
0 0.526563 0.504861 0.090625 0.287500
1 0.521094 0.361806 0.065625 0.120833
2 0.538281 0.472917 0.062500 0.109722
2 0.522656 0.565278 0.062500 0.116667
0 0.693359 0.480556 0.096094 0.286111
1 0.706641 0.339583 0.067969 0.115278
1 0.685156 0.436806 0.064062 0.104167
1 0.693359 0.543056 0.066406 0.108333
0 0.840234 0.451389 0.103906 0.286111
2 0.847656 0.310417 0.070312 0.109722
2 0.845313 0.425694 0.065625 0.109722
2 0.833203 0.515972 0.066406 0.104167
