0 0.163672 0.538889 0.125781 0.325000
1 0.155078 0.384028 0.075781 0.120833
2 0.164062 0.504861 0.082812 0.126389
1 0.169141 0.613889 0.078906 0.116667
0 0.326172 0.507639 0.103906 0.304167
2 0.326953 0.367361 0.071094 0.120833
1 0.326953 0.462500 0.066406 0.102778
1 0.325391 0.570833 0.069531 0.122222
0 0.521484 0.495139 0.092969 0.298611
1 0.515625 0.348611 0.068750 0.122222
2 0.532422 0.460417 0.067969 0.115278
2 0.514844 0.560417 0.067187 0.115278
0 0.690625 0.477083 0.096875 0.290278
1 0.705859 0.327778 0.072656 0.119444
1 0.684375 0.430556 0.067187 0.111111
1 0.692578 0.540278 0.071094 0.119444
0 0.841406 0.456944 0.106250 0.283333
2 0.847656 0.306944 0.075000 0.119444
2 0.845313 0.422222 0.070312 0.116667
2 0.832422 0.516667 0.067969 0.105556
