0 0.109375 0.429167 0.137500 0.347222
1 0.099609 0.253472 0.080469 0.131944
2 0.111328 0.386111 0.089844 0.141667
1 0.114844 0.506944 0.085938 0.136111
0 0.285938 0.402778 0.112500 0.322222
2 0.285547 0.245833 0.075781 0.127778
1 0.287500 0.352778 0.073438 0.116667
1 0.287109 0.470139 0.082031 0.120833
0 0.494531 0.390972 0.100000 0.315278
1 0.485156 0.231944 0.073438 0.133333
2 0.505078 0.351389 0.069531 0.119444
2 0.487500 0.465972 0.070312 0.123611
0 0.669531 0.378472 0.100000 0.298611
1 0.685937 0.212500 0.071875 0.130556
1 0.661719 0.325694 0.073438 0.118056
1 0.672656 0.445139 0.071875 0.131944
0 0.825391 0.367361 0.105469 0.284722
2 0.831250 0.204167 0.073438 0.127778
2 0.828906 0.319444 0.075000 0.113889
2 0.816406 0.425000 0.070312 0.116667
