0 0.089063 0.467361 0.135937 0.348611
1 0.079687 0.290278 0.085938 0.136111
2 0.091406 0.423611 0.089063 0.141667
1 0.094141 0.544444 0.085156 0.130556
0 0.269531 0.438889 0.115625 0.319444
2 0.267578 0.278472 0.075781 0.129167
1 0.269922 0.388889 0.071094 0.113889
1 0.268359 0.510417 0.077344 0.131944
0 0.475000 0.422222 0.100000 0.311111
1 0.468359 0.262500 0.072656 0.130556
2 0.487500 0.381250 0.068750 0.123611
2 0.470313 0.495833 0.068750 0.122222
0 0.650000 0.404861 0.095312 0.301389
1 0.664844 0.243750 0.071875 0.131944
1 0.644141 0.354861 0.069531 0.126389
1 0.655078 0.474306 0.071094 0.126389
0 0.805859 0.389583 0.102344 0.284722
2 0.808203 0.232639 0.074219 0.123611
2 0.808984 0.346528 0.071094 0.115278
2 0.798438 0.454167 0.070312 0.111111
