1 0.076563 0.315972 0.082812 0.134722
0 0.087500 0.492361 0.143750 0.351389
2 0.086719 0.451389 0.092188 0.147222
1 0.091406 0.570833 0.087500 0.136111
0 0.267578 0.461806 0.117969 0.323611
2 0.264844 0.300000 0.076563 0.130556
1 0.269141 0.411111 0.072656 0.116667
1 0.266406 0.531250 0.078125 0.131944
0 0.476172 0.445833 0.099219 0.308333
1 0.467969 0.279861 0.073438 0.129167
2 0.487500 0.400000 0.068750 0.116667
2 0.471094 0.516667 0.070312 0.122222
0 0.654687 0.424306 0.095312 0.293056
1 0.667188 0.254861 0.073438 0.129167
1 0.648047 0.368750 0.067969 0.120833
1 0.658203 0.492361 0.071094 0.120833
0 0.810937 0.403472 0.101562 0.290278
2 0.813672 0.238889 0.074219 0.122222
2 0.815625 0.360417 0.070312 0.118056
2 0.803906 0.467361 0.070312 0.109722
