0 0.124219 0.624306 0.134375 0.334722
1 0.112109 0.462500 0.075781 0.125000
2 0.125781 0.589583 0.084375 0.129167
1 0.130469 0.700694 0.078125 0.112500
2 0.286719 0.438889 0.071875 0.122222
1 0.290625 0.531944 0.068750 0.102778
1 0.291406 0.645139 0.068750 0.120833
0 0.290234 0.581250 0.108594 0.301389
0 0.486328 0.556250 0.096094 0.298611
1 0.478516 0.404167 0.069531 0.122222
2 0.496094 0.521528 0.065625 0.115278
2 0.480859 0.620139 0.067969 0.112500
0 0.653516 0.529861 0.091406 0.287500
1 0.666016 0.372917 0.067969 0.120833
1 0.646875 0.476389 0.062500 0.108333
1 0.658594 0.590972 0.068750 0.118056
0 0.803516 0.497222 0.097656 0.277778
2 0.807813 0.347222 0.068750 0.113889
2 0.807813 0.461806 0.068750 0.112500
2 0.796484 0.558333 0.064844 0.105556
