0 0.170703 0.632639 0.119531 0.306944
1 0.158203 0.488194 0.066406 0.106944
1 0.176172 0.700000 0.069531 0.097222
1 0.319922 0.550694 0.061719 0.090278
1 0.319141 0.648611 0.064844 0.113889
2 0.171875 0.602778 0.073438 0.113889
2 0.316016 0.461111 0.063281 0.105556
0 0.498047 0.568056 0.088281 0.275000
0 0.659766 0.543750 0.086719 0.273611
0 0.800391 0.515972 0.091406 0.270833
1 0.491797 0.432639 0.064844 0.115278
1 0.668750 0.400000 0.065625 0.111111
1 0.651563 0.496528 0.060937 0.104167
1 0.662500 0.599306 0.064062 0.112500
2 0.508594 0.534722 0.059375 0.102778
2 0.494531 0.628472 0.059375 0.109722
2 0.805469 0.367361 0.065625 0.109722
2 0.803906 0.479167 0.060937 0.108333
2 0.795312 0.568056 0.059375 0.100000
0 0.319531 0.590278 0.100000 0.280556
