0 0.178906 0.586111 0.112500 0.286111
0 0.321484 0.551389 0.100781 0.275000
0 0.494141 0.538194 0.088281 0.273611
1 0.166797 0.450000 0.063281 0.108333
1 0.183594 0.653472 0.065625 0.098611
1 0.321484 0.605556 0.055469 0.100000
1 0.321875 0.510417 0.060937 0.098611
1 0.487109 0.402778 0.064844 0.111111
2 0.177344 0.554861 0.068750 0.112500
2 0.316797 0.431250 0.060156 0.109722
2 0.503906 0.509028 0.060937 0.106944
2 0.491016 0.595833 0.061719 0.111111
0 0.653125 0.514583 0.084375 0.273611
0 0.803906 0.490972 0.095312 0.265278
1 0.664844 0.375694 0.065625 0.112500
1 0.648828 0.471528 0.060156 0.101389
1 0.657422 0.576389 0.061719 0.113889
2 0.808984 0.350000 0.066406 0.113889
2 0.805859 0.456944 0.064844 0.105556
2 0.798047 0.543750 0.060156 0.106944
