0 0.144531 0.529167 0.117188 0.291667
0 0.289453 0.502778 0.102344 0.277778
0 0.466797 0.497917 0.088281 0.284722
0 0.632422 0.479861 0.085156 0.284722
0 0.792578 0.466667 0.099219 0.275000
1 0.134375 0.391667 0.065625 0.108333
1 0.152344 0.595139 0.064062 0.098611
1 0.292969 0.462500 0.060937 0.097222
1 0.292969 0.561806 0.064062 0.112500
2 0.143750 0.503472 0.073438 0.123611
2 0.285156 0.381250 0.064062 0.109722
2 0.475781 0.469444 0.060937 0.102778
2 0.464062 0.557639 0.059375 0.112500
2 0.794922 0.317361 0.071094 0.123611
2 0.790625 0.429861 0.065625 0.115278
2 0.784375 0.520833 0.062500 0.108333
1 0.459766 0.357639 0.064844 0.115278
1 0.642578 0.338889 0.064844 0.116667
1 0.627734 0.435417 0.063281 0.106944
1 0.636719 0.541667 0.064062 0.122222
