0 0.157031 0.490972 0.117188 0.295833
0 0.301563 0.475694 0.103125 0.287500
0 0.478125 0.481944 0.092188 0.291667
0 0.650391 0.477083 0.096094 0.295833
0 0.824219 0.472222 0.109375 0.313889
1 0.146875 0.354861 0.064062 0.109722
1 0.164453 0.552083 0.064844 0.109722
1 0.302734 0.429167 0.061719 0.100000
1 0.302734 0.531944 0.061719 0.111111
1 0.469922 0.338889 0.066406 0.119444
1 0.662891 0.328472 0.071094 0.123611
1 0.646484 0.432639 0.066406 0.118056
1 0.653516 0.543056 0.067969 0.122222
2 0.156641 0.463889 0.071094 0.111111
2 0.291797 0.350694 0.061719 0.109722
2 0.485938 0.453472 0.065625 0.118056
2 0.473047 0.543056 0.064844 0.116667
2 0.833594 0.313889 0.076563 0.130556
2 0.825781 0.440278 0.075000 0.119444
2 0.817187 0.536111 0.070312 0.111111
