0 0.157031 0.478472 0.117188 0.281944
0 0.292187 0.471528 0.101562 0.276389
0 0.460156 0.490972 0.092188 0.290278
0 0.634766 0.503472 0.094531 0.304167
0 0.812109 0.508333 0.113281 0.316667
1 0.146484 0.347222 0.063281 0.102778
1 0.164062 0.537500 0.065625 0.108333
1 0.295312 0.429167 0.060937 0.100000
1 0.295703 0.529861 0.063281 0.109722
1 0.453516 0.348611 0.064844 0.116667
1 0.642188 0.350694 0.075000 0.126389
1 0.629687 0.450694 0.064062 0.112500
1 0.634766 0.566667 0.066406 0.130556
2 0.152344 0.452778 0.068750 0.105556
2 0.283594 0.350000 0.064062 0.105556
2 0.466406 0.465278 0.064062 0.113889
2 0.456641 0.552083 0.063281 0.106944
2 0.823438 0.343056 0.078125 0.127778
2 0.811719 0.473611 0.075000 0.127778
2 0.805078 0.569444 0.074219 0.127778
