0 0.124609 0.513194 0.116406 0.287500
0 0.261328 0.511111 0.107031 0.283333
0 0.425781 0.535417 0.098437 0.295833
0 0.601562 0.550000 0.093750 0.311111
0 0.788672 0.562500 0.113281 0.325000
1 0.115625 0.382639 0.062500 0.104167
2 0.121094 0.489583 0.070312 0.106944
1 0.133984 0.578472 0.063281 0.112500
2 0.248438 0.387500 0.064062 0.111111
1 0.264844 0.468056 0.060937 0.097222
1 0.264844 0.568056 0.064062 0.111111
1 0.419922 0.389583 0.071094 0.118056
1 0.608984 0.395139 0.074219 0.126389
1 0.598437 0.499306 0.068750 0.118056
1 0.603516 0.617361 0.072656 0.126389
2 0.430469 0.503472 0.064062 0.112500
2 0.423828 0.600000 0.064844 0.116667
2 0.799609 0.394444 0.082031 0.136111
2 0.787109 0.523611 0.077344 0.133333
2 0.782813 0.627778 0.075000 0.125000
