0 0.135156 0.501389 0.117188 0.272222
1 0.125781 0.372917 0.060937 0.098611
2 0.129297 0.475694 0.067969 0.104167
1 0.144531 0.560417 0.060937 0.104167
0 0.261328 0.500694 0.108594 0.279167
2 0.247266 0.381250 0.063281 0.104167
1 0.266016 0.457639 0.060156 0.101389
1 0.267578 0.555556 0.063281 0.111111
0 0.416016 0.528472 0.102344 0.295833
1 0.407813 0.384028 0.064062 0.118056
2 0.419141 0.498611 0.066406 0.108333
2 0.415625 0.593056 0.067187 0.108333
0 0.587109 0.552083 0.096094 0.312500
1 0.591406 0.394444 0.076563 0.127778
1 0.583203 0.499306 0.069531 0.112500
1 0.591797 0.618056 0.072656 0.130556
0 0.775391 0.570139 0.110156 0.337500
2 0.783203 0.392361 0.085156 0.145833
2 0.772266 0.525694 0.077344 0.131944
2 0.771094 0.634028 0.075000 0.126389
