0 0.127734 0.513889 0.111719 0.269444
1 0.119531 0.384722 0.062500 0.102778
2 0.121484 0.484028 0.071094 0.106944
1 0.137891 0.570833 0.061719 0.105556
0 0.250000 0.515278 0.106250 0.277778
2 0.235547 0.393056 0.063281 0.113889
1 0.255078 0.470139 0.058594 0.101389
1 0.256250 0.570833 0.062500 0.105556
0 0.401562 0.543750 0.104688 0.301389
1 0.392578 0.397917 0.067969 0.120833
2 0.401953 0.510417 0.069531 0.115278
2 0.400391 0.610417 0.069531 0.109722
0 0.571094 0.570833 0.098437 0.316667
1 0.573047 0.404167 0.078906 0.130556
1 0.569531 0.518056 0.070312 0.122222
1 0.574219 0.637500 0.073438 0.133333
0 0.762891 0.591667 0.113281 0.355556
2 0.773047 0.409722 0.085156 0.144444
2 0.758984 0.550000 0.083594 0.138889
2 0.761719 0.664583 0.079687 0.129167
