0 0.094531 0.449306 0.117188 0.273611
1 0.087500 0.315972 0.067187 0.106944
1 0.101562 0.511806 0.067187 0.118056
0 0.219922 0.453472 0.111719 0.287500
2 0.204687 0.318750 0.068750 0.118056
1 0.225781 0.409722 0.060937 0.105556
1 0.223828 0.516667 0.071094 0.108333
0 0.373437 0.476389 0.107813 0.313889
1 0.365625 0.316667 0.073438 0.127778
2 0.374609 0.436806 0.067969 0.118056
2 0.372656 0.547917 0.075000 0.118056
0 0.551562 0.495833 0.103125 0.333333
1 0.552734 0.314583 0.080469 0.143056
1 0.549609 0.438194 0.072656 0.123611
1 0.553516 0.570833 0.080469 0.144444
0 0.754297 0.515278 0.121094 0.366667
2 0.762109 0.314583 0.091406 0.159722
2 0.750391 0.459722 0.088281 0.144444
2 0.751953 0.589583 0.085156 0.137500
2 0.085938 0.420139 0.073438 0.109722
