0 0.102734 0.397917 0.114844 0.273611
1 0.097266 0.259028 0.061719 0.106944
2 0.097266 0.364583 0.074219 0.115278
1 0.111719 0.460417 0.068750 0.112500
0 0.228125 0.398611 0.107813 0.277778
2 0.216016 0.259722 0.067969 0.119444
1 0.233984 0.352083 0.063281 0.109722
1 0.232813 0.461806 0.068750 0.118056
0 0.381641 0.411111 0.105469 0.308333
1 0.374609 0.251389 0.074219 0.133333
2 0.385156 0.368056 0.070312 0.119444
2 0.382031 0.481944 0.071875 0.125000
0 0.557813 0.422917 0.106250 0.331944
1 0.561328 0.240972 0.082031 0.154167
1 0.557422 0.366667 0.078906 0.133333
1 0.562891 0.498611 0.080469 0.141667
0 0.761328 0.436806 0.121094 0.359722
2 0.771875 0.234028 0.095312 0.159722
2 0.758984 0.382639 0.089844 0.151389
2 0.760938 0.518056 0.085938 0.144444
