1 0.092188 0.224306 0.067187 0.104167
2 0.094531 0.333333 0.071875 0.108333
1 0.111719 0.431250 0.065625 0.104167
2 0.212500 0.222917 0.070312 0.118056
1 0.233594 0.320139 0.064062 0.104167
1 0.234375 0.428472 0.067187 0.115278
1 0.374609 0.223611 0.074219 0.127778
2 0.387109 0.337500 0.071094 0.111111
2 0.383594 0.456944 0.068750 0.119444
1 0.564453 0.213194 0.082031 0.151389
1 0.560937 0.344444 0.075000 0.116667
1 0.566016 0.474306 0.078906 0.140278
0 0.558203 0.398611 0.100781 0.325000
0 0.385547 0.380556 0.111719 0.308333
0 0.229687 0.364583 0.115625 0.281944
0 0.100781 0.365972 0.121875 0.276389
2 0.775781 0.204167 0.092188 0.163889
2 0.764453 0.356250 0.086719 0.143056
2 0.763672 0.491667 0.086719 0.136111
0 0.765234 0.410417 0.113281 0.362500
