2 0.789062 0.372222 0.089063 0.138889
2 0.778906 0.515972 0.085938 0.129167
2 0.775781 0.629861 0.082812 0.126389
1 0.589063 0.363889 0.078125 0.125000
1 0.582031 0.482639 0.073438 0.112500
1 0.588672 0.606944 0.075781 0.136111
1 0.403125 0.359028 0.070312 0.126389
1 0.261328 0.430556 0.061719 0.097222
1 0.261328 0.537500 0.066406 0.113889
1 0.120313 0.340278 0.067187 0.108333
1 0.139844 0.536806 0.065625 0.101389
2 0.417187 0.475000 0.070312 0.113889
2 0.409766 0.579167 0.069531 0.105556
2 0.241016 0.347917 0.066406 0.115278
2 0.122266 0.440972 0.067969 0.098611
0 0.128516 0.473611 0.119531 0.272222
0 0.254688 0.475000 0.107813 0.280556
0 0.412500 0.506250 0.098437 0.298611
0 0.583984 0.535417 0.097656 0.318056
0 0.778516 0.558333 0.111719 0.341667
