1 0.061328 0.371528 0.066406 0.104167
1 0.082422 0.568056 0.067969 0.102778
1 0.212109 0.459028 0.067969 0.101389
1 0.214453 0.559028 0.066406 0.112500
1 0.363672 0.384722 0.067969 0.119444
1 0.550391 0.388889 0.072656 0.119444
1 0.542578 0.497222 0.064844 0.113889
1 0.549219 0.616667 0.070312 0.127778
2 0.068359 0.478472 0.075781 0.109722
2 0.195703 0.379167 0.067969 0.111111
2 0.376953 0.502083 0.071094 0.115278
2 0.369922 0.593750 0.067969 0.109722
2 0.734375 0.394444 0.079687 0.138889
2 0.724219 0.526389 0.075000 0.125000
2 0.722266 0.629167 0.074219 0.116667
0 0.070703 0.509722 0.124219 0.277778
0 0.206250 0.502778 0.109375 0.277778
0 0.369141 0.530556 0.102344 0.297222
0 0.542578 0.549306 0.091406 0.309722
0 0.725000 0.563889 0.103125 0.313889
