1 0.050000 0.435417 0.070312 0.106944
1 0.071484 0.640972 0.072656 0.115278
1 0.212891 0.516667 0.066406 0.102778
1 0.214062 0.621528 0.070312 0.115278
1 0.378516 0.428472 0.071094 0.118056
1 0.573828 0.427778 0.074219 0.122222
1 0.561328 0.536806 0.071094 0.101389
1 0.570312 0.652778 0.068750 0.127778
2 0.054297 0.543750 0.078906 0.112500
2 0.197656 0.435417 0.073438 0.115278
2 0.394141 0.543056 0.069531 0.113889
2 0.386328 0.645139 0.071094 0.118056
2 0.753125 0.420833 0.079687 0.130556
2 0.745313 0.553472 0.075000 0.123611
2 0.742188 0.654167 0.071875 0.119444
0 0.064844 0.575000 0.121875 0.294444
0 0.208594 0.559722 0.112500 0.294444
0 0.387500 0.577778 0.103125 0.302778
0 0.568750 0.583333 0.096875 0.308333
0 0.744531 0.583333 0.106250 0.302778
