1 0.119141 0.429167 0.071094 0.105556
1 0.135547 0.634722 0.071094 0.102778
1 0.276172 0.510417 0.063281 0.101389
1 0.275391 0.612500 0.064844 0.111111
1 0.445312 0.422917 0.068750 0.120833
1 0.637500 0.420139 0.071875 0.120833
1 0.622266 0.524306 0.067969 0.106944
1 0.630859 0.638889 0.071094 0.119444
2 0.125781 0.536111 0.071875 0.108333
2 0.264844 0.427083 0.065625 0.109722
2 0.458203 0.536806 0.064844 0.104167
2 0.447656 0.632639 0.065625 0.112500
2 0.811328 0.411111 0.077344 0.125000
2 0.803906 0.536806 0.071875 0.115278
2 0.795312 0.634722 0.071875 0.122222
0 0.126562 0.567361 0.118750 0.295833
0 0.273047 0.554861 0.103906 0.284722
0 0.451953 0.570139 0.096094 0.293056
0 0.626563 0.572222 0.090625 0.297222
0 0.800000 0.573611 0.107813 0.305556
