1 0.146094 0.447917 0.067187 0.115278
1 0.162891 0.658333 0.071094 0.108333
1 0.308203 0.531250 0.064844 0.093056
1 0.305469 0.634028 0.065625 0.115278
1 0.482422 0.439583 0.067969 0.118056
1 0.676562 0.438194 0.073438 0.118056
1 0.657422 0.538889 0.069531 0.105556
1 0.663281 0.652778 0.070312 0.127778
2 0.155469 0.559028 0.073438 0.118056
2 0.300000 0.450000 0.067187 0.119444
2 0.496875 0.554861 0.067187 0.109722
2 0.483203 0.650694 0.067969 0.118056
2 0.840625 0.428472 0.078125 0.123611
2 0.834375 0.551389 0.075000 0.116667
2 0.826562 0.646528 0.075000 0.115278
0 0.153906 0.592361 0.117188 0.295833
0 0.304297 0.575000 0.102344 0.288889
0 0.487891 0.584028 0.091406 0.295833
0 0.660547 0.588889 0.094531 0.302778
0 0.830859 0.586111 0.111719 0.313889
