1 0.167969 0.464583 0.070312 0.118056
1 0.179297 0.679861 0.071094 0.106944
1 0.328906 0.554167 0.064062 0.097222
1 0.326562 0.652083 0.068750 0.118056
1 0.506250 0.459028 0.068750 0.118056
1 0.696094 0.454167 0.071875 0.111111
1 0.676562 0.552083 0.067187 0.109722
1 0.683203 0.665278 0.071094 0.122222
2 0.175000 0.577778 0.073438 0.116667
2 0.323047 0.465278 0.066406 0.113889
2 0.519141 0.568056 0.064844 0.100000
2 0.504297 0.664583 0.066406 0.120833
2 0.853906 0.443750 0.076563 0.118056
2 0.846484 0.562500 0.072656 0.113889
2 0.835938 0.660417 0.068750 0.118056
0 0.173828 0.609722 0.114844 0.305556
0 0.325781 0.594444 0.096875 0.288889
0 0.510156 0.602083 0.087500 0.287500
0 0.680078 0.602778 0.097656 0.294444
0 0.843750 0.601389 0.110937 0.297222
