1 0.162891 0.461111 0.069531 0.116667
1 0.176563 0.677083 0.076563 0.112500
1 0.326953 0.543056 0.066406 0.097222
1 0.323828 0.645833 0.071094 0.122222
1 0.507422 0.436111 0.067969 0.105556
1 0.697656 0.428472 0.068750 0.106944
1 0.679297 0.530556 0.067969 0.105556
1 0.685547 0.642361 0.071094 0.118056
2 0.171094 0.577083 0.078125 0.123611
2 0.324609 0.451389 0.069531 0.113889
2 0.523438 0.552083 0.065625 0.101389
2 0.507031 0.649306 0.068750 0.120833
2 0.849219 0.412500 0.073438 0.108333
2 0.843359 0.531944 0.071094 0.116667
2 0.834766 0.634028 0.067969 0.115278
0 0.169922 0.605556 0.116406 0.311111
0 0.324219 0.586806 0.096875 0.293056
0 0.512500 0.589583 0.090625 0.295833
0 0.682031 0.578472 0.095312 0.293056
0 0.839453 0.572917 0.110156 0.284722
