1 0.130859 0.362500 0.077344 0.125000
2 0.139844 0.479861 0.085938 0.129167
1 0.143750 0.595139 0.078125 0.123611
2 0.305469 0.346528 0.075000 0.129167
1 0.308984 0.448611 0.069531 0.102778
1 0.307422 0.561806 0.074219 0.129167
1 0.501563 0.335417 0.073438 0.129167
1 0.702344 0.316667 0.076563 0.122222
1 0.680859 0.428472 0.072656 0.115278
1 0.690625 0.543750 0.075000 0.120833
2 0.860156 0.303472 0.078125 0.123611
2 0.856250 0.424306 0.076563 0.120833
2 0.844141 0.531250 0.072656 0.112500
2 0.519922 0.450000 0.069531 0.111111
2 0.501953 0.559028 0.069531 0.123611
0 0.138672 0.519444 0.128906 0.327778
0 0.307422 0.497222 0.108594 0.311111
0 0.507031 0.492361 0.100000 0.304167
0 0.687500 0.477778 0.104688 0.302778
0 0.851172 0.468750 0.111719 0.298611
