1 0.111328 0.287500 0.078906 0.127778
1 0.125781 0.532639 0.081250 0.134722
1 0.294531 0.385417 0.071875 0.112500
1 0.291016 0.502778 0.077344 0.130556
1 0.489063 0.264583 0.071875 0.129167
1 0.689063 0.241667 0.078125 0.133333
1 0.669922 0.358333 0.069531 0.116667
1 0.680469 0.479861 0.075000 0.129167
2 0.120313 0.411111 0.085938 0.125000
2 0.289062 0.277083 0.076563 0.126389
2 0.506250 0.382639 0.071875 0.120833
2 0.489844 0.496528 0.073438 0.126389
2 0.846875 0.231944 0.078125 0.127778
2 0.845703 0.354167 0.074219 0.116667
2 0.833594 0.465278 0.071875 0.111111
0 0.119531 0.455556 0.129688 0.330556
0 0.291016 0.432639 0.111719 0.306944
0 0.494531 0.424306 0.095312 0.298611
0 0.675781 0.410417 0.098437 0.298611
0 0.842187 0.397917 0.109375 0.290278
