1 0.114844 0.338194 0.076563 0.123611
1 0.136719 0.578472 0.079687 0.126389
1 0.295312 0.418750 0.068750 0.109722
1 0.299609 0.535417 0.074219 0.129167
1 0.484375 0.287500 0.075000 0.125000
1 0.685156 0.247917 0.073438 0.126389
1 0.667188 0.367361 0.071875 0.112500
1 0.679688 0.486111 0.073438 0.125000
2 0.128125 0.461806 0.085938 0.129167
2 0.290234 0.315972 0.074219 0.129167
2 0.504687 0.402083 0.070312 0.118056
2 0.490625 0.513889 0.070312 0.125000
2 0.842187 0.228472 0.078125 0.129167
2 0.841016 0.348611 0.074219 0.119444
2 0.833984 0.459722 0.074219 0.113889
0 0.129688 0.501389 0.134375 0.327778
0 0.296094 0.465972 0.115625 0.315278
0 0.494141 0.440972 0.100781 0.315278
0 0.674219 0.417361 0.098437 0.301389
0 0.838672 0.393750 0.105469 0.290278
