1 0.127344 0.485417 0.070312 0.112500
1 0.148438 0.693750 0.075000 0.106944
1 0.292969 0.541667 0.064062 0.097222
1 0.296094 0.645833 0.070312 0.116667
1 0.466797 0.416667 0.067969 0.108333
1 0.653516 0.380556 0.069531 0.108333
1 0.637500 0.484028 0.065625 0.098611
1 0.650391 0.593056 0.071094 0.122222
2 0.139453 0.597917 0.077344 0.115278
2 0.286719 0.456250 0.067187 0.118056
2 0.486328 0.527778 0.064844 0.105556
2 0.474219 0.623611 0.068750 0.113889
2 0.801953 0.346528 0.069531 0.118056
2 0.801562 0.463194 0.070312 0.109722
2 0.796484 0.560417 0.071094 0.104167
0 0.139453 0.625694 0.125781 0.309722
0 0.292969 0.584722 0.107813 0.291667
0 0.478125 0.561111 0.101562 0.291667
0 0.645312 0.530556 0.089063 0.288889
0 0.798828 0.498611 0.097656 0.280556
