1 0.089844 0.506944 0.070312 0.113889
1 0.112109 0.715972 0.071094 0.106944
1 0.258984 0.563889 0.066406 0.097222
1 0.260937 0.665278 0.068750 0.116667
1 0.430859 0.442361 0.069531 0.112500
1 0.619531 0.408333 0.070312 0.111111
1 0.604688 0.513889 0.064062 0.102778
1 0.617188 0.618750 0.065625 0.118056
2 0.103125 0.618056 0.078125 0.122222
2 0.250391 0.479861 0.067969 0.112500
2 0.451172 0.552083 0.061719 0.104167
2 0.441016 0.653472 0.067969 0.104167
2 0.771875 0.375000 0.070312 0.119444
2 0.770703 0.489583 0.067969 0.118056
2 0.764453 0.588889 0.066406 0.113889
0 0.103906 0.646528 0.129688 0.312500
0 0.257422 0.604861 0.108594 0.295833
0 0.442188 0.586111 0.095312 0.288889
0 0.610156 0.558333 0.085938 0.286111
0 0.768750 0.531250 0.092188 0.281944
