1 0.064844 0.519444 0.067187 0.108333
1 0.087500 0.723611 0.068750 0.102778
1 0.230469 0.579861 0.065625 0.101389
1 0.232813 0.681250 0.067187 0.112500
1 0.399219 0.470139 0.065625 0.118056
1 0.586328 0.440278 0.069531 0.105556
1 0.574219 0.540972 0.064062 0.104167
1 0.586719 0.650694 0.068750 0.118056
2 0.076563 0.627083 0.075000 0.118056
2 0.219531 0.496528 0.067187 0.109722
2 0.417578 0.576389 0.063281 0.102778
2 0.407422 0.673611 0.066406 0.111111
2 0.746094 0.414583 0.070312 0.120833
2 0.742578 0.529861 0.071094 0.109722
2 0.738672 0.628472 0.066406 0.104167
0 0.076563 0.654861 0.129688 0.304167
0 0.228906 0.621528 0.110937 0.290278
0 0.409766 0.609722 0.097656 0.291667
0 0.580078 0.588194 0.089844 0.287500
0 0.742969 0.568056 0.092188 0.280556
