1 0.095703 0.497222 0.066406 0.102778
2 0.103906 0.602778 0.071875 0.113889
1 0.115625 0.693056 0.070312 0.100000
2 0.236719 0.484028 0.064062 0.104167
1 0.250000 0.561806 0.062500 0.098611
1 0.252734 0.663194 0.063281 0.109722
1 0.408984 0.464583 0.064844 0.112500
1 0.592969 0.443750 0.068750 0.109722
1 0.583594 0.547222 0.064062 0.105556
1 0.594141 0.655556 0.066406 0.122222
2 0.425391 0.572917 0.063281 0.101389
2 0.418750 0.671528 0.064062 0.104167
2 0.761328 0.421528 0.072656 0.123611
2 0.758203 0.543750 0.069531 0.118056
2 0.754687 0.645833 0.067187 0.108333
0 0.107031 0.630556 0.120313 0.288889
0 0.247266 0.606250 0.105469 0.276389
0 0.419141 0.605556 0.097656 0.288889
0 0.587109 0.595139 0.089844 0.295833
0 0.755859 0.582639 0.094531 0.290278
