1 0.126562 0.491667 0.062500 0.100000
1 0.145703 0.682639 0.064844 0.101389
1 0.273828 0.562500 0.061719 0.094444
1 0.275391 0.664583 0.064844 0.109722
1 0.425781 0.477083 0.064062 0.112500
1 0.612109 0.467361 0.072656 0.115278
1 0.603125 0.573611 0.067187 0.108333
1 0.612891 0.686806 0.071094 0.123611
2 0.133594 0.594444 0.068750 0.108333
2 0.260156 0.486111 0.062500 0.105556
2 0.441016 0.588889 0.063281 0.108333
2 0.434766 0.684722 0.064844 0.111111
2 0.794531 0.451389 0.078125 0.127778
2 0.787891 0.581944 0.075781 0.122222
2 0.785547 0.689583 0.072656 0.115278
0 0.136328 0.623611 0.117969 0.277778
0 0.270703 0.606944 0.107031 0.277778
0 0.435156 0.620139 0.096875 0.293056
0 0.606250 0.622917 0.093750 0.304167
0 0.788281 0.624306 0.104688 0.315278
