0 0.150391 0.531250 0.096094 0.254167
1 0.139063 0.404167 0.056250 0.094444
1 0.417187 0.413889 0.062500 0.116667
2 0.427734 0.525694 0.060156 0.106944
2 0.782813 0.411806 0.078125 0.134722
2 0.771484 0.543750 0.077344 0.123611
2 0.771875 0.652778 0.073438 0.108333
0 0.775781 0.586111 0.101562 0.313889
0 0.270703 0.529861 0.100781 0.262500
0 0.423828 0.552083 0.088281 0.273611
0 0.591016 0.572917 0.086719 0.295833
1 0.593750 0.416667 0.070312 0.122222
1 0.587891 0.522917 0.069531 0.098611
1 0.595703 0.633333 0.067969 0.122222
2 0.422656 0.622917 0.064062 0.090278
2 0.142969 0.502778 0.065625 0.102778
2 0.259375 0.410417 0.060937 0.104167
1 0.275781 0.486111 0.059375 0.097222
1 0.276953 0.585417 0.061719 0.101389
1 0.155078 0.592361 0.057031 0.095833
