0 0.135937 0.487500 0.109375 0.261111
0 0.256641 0.486806 0.102344 0.262500
0 0.401562 0.513889 0.096875 0.286111
0 0.567187 0.534722 0.095312 0.297222
0 0.748437 0.552083 0.101562 0.320833
2 0.757031 0.373611 0.079687 0.130556
2 0.744531 0.507639 0.076563 0.123611
2 0.748828 0.618750 0.074219 0.123611
1 0.567969 0.372222 0.070312 0.113889
1 0.564063 0.482639 0.065625 0.109722
1 0.570312 0.597917 0.067187 0.123611
1 0.394141 0.371528 0.061719 0.115278
2 0.406250 0.488194 0.059375 0.106944
2 0.402734 0.576389 0.061719 0.105556
2 0.240625 0.369444 0.059375 0.102778
1 0.259375 0.444444 0.057813 0.094444
1 0.262891 0.543750 0.057031 0.104167
1 0.127734 0.363889 0.060156 0.094444
2 0.130859 0.462500 0.066406 0.097222
1 0.147656 0.550694 0.060937 0.090278
