0 0.106250 0.528472 0.115625 0.268056
0 0.744531 0.556250 0.107813 0.331944
0 0.551562 0.546528 0.098437 0.312500
0 0.381250 0.536806 0.104688 0.295833
0 0.229297 0.518056 0.111719 0.277778
2 0.749219 0.361111 0.085938 0.141667
2 0.740234 0.506250 0.083594 0.137500
2 0.745703 0.622222 0.078906 0.133333
1 0.551172 0.377083 0.074219 0.129167
1 0.548438 0.487500 0.071875 0.119444
1 0.557031 0.613194 0.073438 0.134722
1 0.370703 0.383333 0.069531 0.119444
2 0.382031 0.499306 0.064062 0.109722
2 0.381641 0.605556 0.064844 0.105556
2 0.212891 0.393750 0.061719 0.109722
1 0.235156 0.475000 0.060937 0.102778
1 0.237109 0.582639 0.061719 0.109722
1 0.096875 0.398611 0.060937 0.100000
2 0.100000 0.499306 0.068750 0.106944
1 0.118359 0.584028 0.064844 0.109722
