0 0.087891 0.434028 0.121094 0.262500
1 0.078125 0.295833 0.065625 0.097222
2 0.077344 0.401389 0.073438 0.111111
1 0.098437 0.497222 0.065625 0.102778
0 0.212109 0.418056 0.108594 0.275000
2 0.195312 0.285417 0.065625 0.118056
1 0.217969 0.375694 0.062500 0.098611
1 0.220703 0.484028 0.064844 0.109722
0 0.367578 0.421528 0.111719 0.306944
1 0.355859 0.263194 0.072656 0.123611
0 0.542969 0.418056 0.106250 0.316667
1 0.539062 0.234722 0.076563 0.136111
1 0.539062 0.363889 0.071875 0.122222
1 0.547656 0.493750 0.071875 0.137500
2 0.366406 0.379861 0.065625 0.106944
2 0.367578 0.491667 0.069531 0.113889
2 0.742969 0.210417 0.089063 0.154167
2 0.734766 0.354861 0.083594 0.140278
2 0.739453 0.488889 0.082031 0.127778
0 0.738672 0.408333 0.114844 0.336111
