0 0.107031 0.402778 0.114062 0.263889
0 0.231641 0.390278 0.103906 0.277778
0 0.386328 0.389583 0.102344 0.295833
0 0.564063 0.390972 0.107813 0.318056
0 0.760938 0.384028 0.109375 0.343056
1 0.099609 0.261806 0.064844 0.101389
2 0.098828 0.367361 0.071094 0.112500
1 0.117969 0.463194 0.065625 0.106944
1 0.377344 0.232639 0.071875 0.123611
2 0.389844 0.349306 0.065625 0.112500
2 0.387500 0.463889 0.068750 0.116667
2 0.217969 0.252778 0.065625 0.111111
1 0.238281 0.346528 0.060937 0.106944
1 0.238672 0.454167 0.066406 0.111111
1 0.560937 0.206944 0.078125 0.141667
1 0.559375 0.333333 0.073438 0.127778
1 0.566797 0.463194 0.074219 0.137500
2 0.765625 0.186111 0.089063 0.155556
2 0.758203 0.330556 0.085156 0.144444
2 0.762109 0.459722 0.082031 0.136111
