0 0.142187 0.527778 0.112500 0.263889
0 0.263672 0.523611 0.102344 0.269444
0 0.416016 0.543056 0.097656 0.294444
0 0.583984 0.560417 0.097656 0.309722
0 0.774609 0.568750 0.105469 0.334722
1 0.134375 0.394444 0.059375 0.094444
2 0.135547 0.495139 0.067969 0.109722
1 0.151172 0.584028 0.061719 0.101389
2 0.250391 0.395139 0.061719 0.109722
1 0.269141 0.479167 0.058594 0.097222
1 0.268750 0.580556 0.062500 0.105556
1 0.407031 0.393056 0.065625 0.119444
2 0.417969 0.504167 0.059375 0.102778
2 0.414844 0.610417 0.064062 0.109722
1 0.585547 0.391667 0.074219 0.133333
1 0.580859 0.505556 0.069531 0.111111
1 0.589063 0.627778 0.073438 0.133333
