0 0.131641 0.573611 0.110156 0.258333
0 0.258984 0.572222 0.100781 0.263889
0 0.412500 0.599306 0.095312 0.281944
0 0.576562 0.620139 0.089063 0.293056
0 0.756250 0.634722 0.098437 0.308333
2 0.764062 0.467361 0.076563 0.129167
2 0.753906 0.595833 0.073438 0.127778
2 0.753516 0.697917 0.071094 0.115278
1 0.581641 0.467361 0.069531 0.123611
1 0.574219 0.570139 0.067187 0.106944
1 0.581250 0.681250 0.067187 0.129167
1 0.405078 0.458333 0.063281 0.113889
2 0.416406 0.568056 0.059375 0.108333
2 0.410938 0.661111 0.060937 0.102778
1 0.125000 0.446528 0.060937 0.095833
2 0.128906 0.545833 0.065625 0.102778
2 0.247656 0.454167 0.060937 0.102778
1 0.141797 0.631944 0.060156 0.097222
1 0.262109 0.528472 0.058594 0.093056
1 0.262891 0.626389 0.058594 0.105556
