0 0.132031 0.597222 0.114062 0.275000
0 0.266797 0.587500 0.103906 0.272222
0 0.432422 0.610417 0.094531 0.281944
0 0.603125 0.621528 0.085938 0.301389
0 0.782031 0.634722 0.103125 0.311111
1 0.125000 0.463889 0.062500 0.094444
1 0.142187 0.650694 0.064062 0.112500
1 0.269922 0.544444 0.061719 0.100000
1 0.425000 0.468056 0.065625 0.122222
1 0.610547 0.472222 0.069531 0.119444
1 0.598437 0.570139 0.065625 0.109722
1 0.609375 0.686111 0.070312 0.127778
2 0.438281 0.580556 0.064062 0.105556
2 0.430469 0.677083 0.064062 0.109722
2 0.256641 0.465972 0.063281 0.104167
2 0.130078 0.571528 0.072656 0.115278
1 0.269922 0.643056 0.061719 0.102778
2 0.789062 0.470833 0.071875 0.133333
2 0.780859 0.591667 0.072656 0.122222
2 0.779297 0.695833 0.071094 0.113889
