0 0.142969 0.546528 0.114062 0.273611
0 0.281641 0.529167 0.103906 0.269444
0 0.451172 0.545139 0.091406 0.279167
0 0.621484 0.547222 0.089844 0.291667
0 0.795703 0.545833 0.103906 0.294444
2 0.802734 0.389583 0.075781 0.134722
2 0.794141 0.511806 0.071094 0.120833
2 0.789453 0.610417 0.071094 0.101389
1 0.630078 0.398611 0.069531 0.116667
1 0.616797 0.499306 0.064844 0.104167
1 0.625781 0.611806 0.065625 0.123611
1 0.444531 0.404861 0.065625 0.115278
2 0.458984 0.513194 0.061719 0.109722
2 0.448437 0.605556 0.062500 0.105556
1 0.132422 0.409722 0.061719 0.102778
2 0.141797 0.515972 0.067969 0.109722
1 0.152344 0.602083 0.064062 0.098611
2 0.273047 0.409028 0.061719 0.106944
1 0.284375 0.484722 0.057813 0.097222
1 0.285547 0.586806 0.061719 0.106944
