0 0.137500 0.557639 0.126562 0.290278
1 0.128125 0.416667 0.065625 0.111111
2 0.137891 0.529167 0.071094 0.116667
1 0.145703 0.624306 0.061719 0.098611
0 0.287500 0.534028 0.104688 0.290278
2 0.280078 0.409028 0.066406 0.112500
1 0.462109 0.397917 0.066406 0.118056
1 0.287891 0.492361 0.060156 0.098611
1 0.291016 0.595139 0.063281 0.109722
2 0.478125 0.509722 0.065625 0.108333
2 0.466797 0.606250 0.061719 0.104167
2 0.823828 0.367361 0.074219 0.123611
2 0.818359 0.493056 0.071094 0.116667
2 0.809375 0.591667 0.067187 0.102778
1 0.655859 0.386806 0.069531 0.120833
1 0.639062 0.483333 0.065625 0.108333
1 0.647656 0.600694 0.067187 0.120833
0 0.643750 0.533333 0.092188 0.300000
0 0.816016 0.531250 0.110156 0.290278
