0 0.196094 0.602083 0.117188 0.295833
0 0.344141 0.575000 0.100781 0.283333
1 0.184766 0.459028 0.066406 0.109722
2 0.194531 0.569444 0.068750 0.111111
1 0.200000 0.665278 0.065625 0.108333
2 0.341797 0.449306 0.064844 0.112500
1 0.345313 0.534028 0.060937 0.095833
1 0.344531 0.635417 0.062500 0.112500
0 0.529297 0.576389 0.086719 0.288889
0 0.703516 0.566667 0.096094 0.291667
0 0.866406 0.558333 0.112500 0.286111
1 0.522656 0.431944 0.065625 0.116667
2 0.537500 0.543750 0.064062 0.106944
2 0.522656 0.636111 0.062500 0.113889
1 0.716406 0.419444 0.068750 0.119444
1 0.696875 0.516667 0.065625 0.113889
1 0.702734 0.629861 0.067969 0.120833
2 0.873437 0.400000 0.071875 0.122222
2 0.868359 0.520833 0.074219 0.113889
2 0.858984 0.615972 0.066406 0.104167
