0 0.212500 0.606250 0.112500 0.293056
1 0.202734 0.465278 0.064844 0.108333
2 0.212109 0.574306 0.071094 0.115278
1 0.217578 0.671528 0.067969 0.104167
2 0.357031 0.450694 0.062500 0.109722
2 0.548438 0.541667 0.059375 0.108333
2 0.533203 0.626389 0.061719 0.111111
0 0.359375 0.577083 0.095312 0.279167
1 0.359375 0.536806 0.060937 0.093056
1 0.358203 0.635417 0.057031 0.109722
1 0.532813 0.431944 0.064062 0.116667
0 0.538672 0.572917 0.083594 0.273611
0 0.702344 0.552083 0.092188 0.284722
0 0.855859 0.539583 0.102344 0.276389
1 0.716016 0.413889 0.066406 0.116667
1 0.696875 0.506250 0.062500 0.109722
1 0.704688 0.617361 0.064062 0.115278
2 0.863672 0.390278 0.071094 0.113889
2 0.860156 0.502778 0.068750 0.105556
2 0.850000 0.594444 0.064062 0.108333
