0 0.188672 0.645139 0.114844 0.301389
0 0.338672 0.604167 0.097656 0.283333
0 0.519922 0.583333 0.086719 0.277778
0 0.678125 0.553472 0.079687 0.273611
0 0.826172 0.526389 0.094531 0.266667
1 0.177734 0.502778 0.066406 0.108333
2 0.189844 0.610417 0.071875 0.123611
1 0.192969 0.709028 0.068750 0.106944
1 0.337109 0.561111 0.060156 0.102778
1 0.338672 0.663889 0.061719 0.111111
2 0.335938 0.476389 0.062500 0.111111
2 0.528906 0.551389 0.060937 0.113889
1 0.512109 0.444444 0.061719 0.116667
2 0.516406 0.639583 0.060937 0.112500
1 0.691016 0.413889 0.064844 0.111111
1 0.671875 0.509028 0.060937 0.104167
1 0.682813 0.613194 0.064062 0.112500
2 0.827734 0.384028 0.067969 0.106944
2 0.826953 0.493750 0.063281 0.109722
2 0.817578 0.584722 0.060156 0.097222
