2 0.816016 0.308333 0.067969 0.113889
2 0.816797 0.420139 0.064844 0.106944
2 0.807813 0.516667 0.060937 0.100000
1 0.678516 0.331250 0.066406 0.109722
1 0.658984 0.433333 0.064844 0.102778
1 0.671094 0.546528 0.064062 0.115278
1 0.494922 0.363889 0.064844 0.113889
1 0.312500 0.488194 0.064062 0.104167
2 0.310937 0.393056 0.068750 0.116667
1 0.312891 0.597222 0.066406 0.119444
2 0.513281 0.472917 0.062500 0.104167
2 0.497266 0.575000 0.063281 0.105556
1 0.143750 0.416667 0.073438 0.116667
2 0.153125 0.537500 0.078125 0.122222
1 0.155469 0.640278 0.073438 0.116667
0 0.502344 0.509028 0.093750 0.279167
0 0.154688 0.572917 0.121875 0.312500
0 0.313672 0.536111 0.103906 0.291667
0 0.664453 0.484722 0.085156 0.275000
0 0.815625 0.456250 0.087500 0.262500
