0 0.816016 0.377778 0.091406 0.269444
0 0.664062 0.395139 0.087500 0.276389
0 0.495312 0.418750 0.093750 0.281944
0 0.301953 0.437500 0.103906 0.294444
0 0.137109 0.466667 0.125781 0.313889
1 0.125391 0.297222 0.077344 0.122222
2 0.135547 0.427083 0.080469 0.131944
1 0.139453 0.542361 0.075781 0.112500
2 0.299609 0.285417 0.067969 0.123611
1 0.301172 0.393750 0.064844 0.098611
1 0.300391 0.505556 0.069531 0.113889
1 0.488281 0.265278 0.068750 0.125000
2 0.506641 0.377778 0.064844 0.111111
2 0.491016 0.485417 0.064844 0.115278
1 0.676172 0.237500 0.069531 0.119444
1 0.658594 0.350000 0.064062 0.111111
1 0.668750 0.461111 0.067187 0.122222
2 0.817969 0.225000 0.068750 0.113889
2 0.819141 0.337500 0.064844 0.111111
2 0.808594 0.439583 0.065625 0.112500
