0 0.786719 0.421528 0.084375 0.265278
2 0.790625 0.270139 0.068750 0.118056
2 0.790625 0.382639 0.062500 0.104167
2 0.785937 0.484722 0.062500 0.094444
0 0.477734 0.475694 0.094531 0.290278
0 0.641797 0.447917 0.086719 0.273611
0 0.291797 0.506944 0.107031 0.294444
0 0.128125 0.548611 0.125000 0.316667
1 0.116016 0.390278 0.072656 0.116667
2 0.129688 0.513889 0.082812 0.122222
2 0.285156 0.363889 0.065625 0.113889
2 0.490234 0.439583 0.060156 0.104167
2 0.474609 0.548611 0.064844 0.113889
1 0.134766 0.621528 0.072656 0.115278
1 0.287891 0.462500 0.067969 0.094444
1 0.288281 0.570833 0.065625 0.116667
1 0.469922 0.332639 0.064844 0.115278
1 0.653516 0.295139 0.060156 0.109722
1 0.635156 0.402778 0.060937 0.100000
1 0.648438 0.516667 0.064062 0.113889
