0 0.117578 0.645139 0.127344 0.306944
0 0.272266 0.595833 0.107031 0.286111
0 0.453516 0.563889 0.092969 0.280556
0 0.612891 0.527778 0.083594 0.272222
0 0.758984 0.492361 0.088281 0.265278
1 0.103516 0.500000 0.071094 0.113889
1 0.125781 0.713194 0.073438 0.115278
1 0.271094 0.551389 0.062500 0.100000
1 0.274219 0.656250 0.067187 0.115278
1 0.443359 0.426389 0.063281 0.113889
1 0.621484 0.387500 0.064844 0.113889
1 0.606641 0.484028 0.061719 0.104167
1 0.619531 0.588194 0.064062 0.112500
2 0.116797 0.615972 0.075781 0.126389
2 0.264844 0.468750 0.067187 0.112500
2 0.462891 0.531944 0.063281 0.108333
2 0.451562 0.627083 0.062500 0.112500
2 0.759375 0.350000 0.065625 0.113889
2 0.760547 0.461806 0.063281 0.109722
2 0.757031 0.551389 0.059375 0.100000
