0 0.110156 0.667361 0.123438 0.301389
0 0.260547 0.625000 0.105469 0.283333
0 0.439453 0.602083 0.091406 0.279167
0 0.600781 0.575000 0.084375 0.275000
0 0.750391 0.545139 0.088281 0.265278
1 0.097656 0.525694 0.067187 0.109722
1 0.117578 0.729861 0.069531 0.109722
1 0.261328 0.583333 0.063281 0.094444
1 0.263281 0.684028 0.064062 0.112500
1 0.430469 0.465972 0.064062 0.109722
1 0.608984 0.434028 0.064844 0.115278
1 0.594922 0.528472 0.060156 0.104167
1 0.606641 0.634722 0.064844 0.113889
2 0.752344 0.402778 0.067187 0.113889
2 0.751172 0.510417 0.064844 0.106944
2 0.747266 0.601389 0.058594 0.102778
2 0.448828 0.569444 0.063281 0.105556
2 0.437109 0.663194 0.063281 0.112500
2 0.254297 0.499306 0.064844 0.112500
2 0.108594 0.636111 0.076563 0.119444
