0 0.079687 0.659028 0.120313 0.295833
0 0.230469 0.629861 0.106250 0.281944
0 0.408594 0.622917 0.089063 0.284722
0 0.574219 0.609722 0.082812 0.283333
0 0.730469 0.597222 0.093750 0.277778
1 0.071094 0.518056 0.068750 0.108333
1 0.087500 0.720139 0.068750 0.109722
1 0.233203 0.586806 0.061719 0.101389
1 0.232422 0.686806 0.064844 0.112500
1 0.401172 0.486111 0.064844 0.113889
1 0.582422 0.468056 0.064844 0.111111
1 0.568750 0.562500 0.062500 0.105556
1 0.578906 0.670833 0.064062 0.116667
2 0.734766 0.446528 0.067969 0.112500
2 0.732031 0.561111 0.067187 0.113889
2 0.726562 0.652083 0.064062 0.104167
2 0.417578 0.591667 0.061719 0.105556
2 0.405859 0.684028 0.063281 0.112500
2 0.225000 0.503472 0.065625 0.109722
2 0.080469 0.626389 0.073438 0.113889
