0 0.110937 0.593056 0.109375 0.272222
0 0.250781 0.582639 0.095312 0.268056
0 0.418359 0.598611 0.086719 0.275000
0 0.582422 0.604167 0.086719 0.280556
0 0.744141 0.607639 0.097656 0.287500
1 0.105469 0.460417 0.064062 0.101389
1 0.118359 0.651389 0.067969 0.102778
1 0.254297 0.541667 0.058594 0.097222
1 0.252344 0.637500 0.062500 0.105556
1 0.413281 0.462500 0.064062 0.108333
1 0.591406 0.464583 0.067187 0.112500
1 0.578516 0.559028 0.061719 0.104167
1 0.585156 0.665972 0.065625 0.115278
2 0.752734 0.456944 0.069531 0.113889
2 0.744922 0.575000 0.066406 0.113889
2 0.739062 0.667361 0.064062 0.106944
2 0.425391 0.569444 0.061719 0.105556
2 0.414062 0.656944 0.062500 0.108333
2 0.245312 0.463889 0.060937 0.105556
2 0.110547 0.563889 0.067969 0.113889
