0 0.099609 0.569444 0.110156 0.272222
0 0.235547 0.565972 0.097656 0.270833
0 0.399609 0.590972 0.088281 0.279167
0 0.567187 0.605556 0.089063 0.288889
0 0.736328 0.618056 0.102344 0.300000
1 0.092969 0.437500 0.062500 0.102778
1 0.106250 0.627778 0.065625 0.105556
1 0.240234 0.522222 0.060156 0.094444
1 0.237891 0.620833 0.063281 0.108333
1 0.394531 0.450000 0.065625 0.113889
1 0.575000 0.459722 0.068750 0.116667
1 0.562500 0.555556 0.064062 0.111111
1 0.568750 0.668750 0.067187 0.120833
2 0.745313 0.461806 0.073438 0.120833
2 0.734766 0.584028 0.071094 0.123611
2 0.730859 0.677778 0.067969 0.113889
2 0.405469 0.560417 0.060937 0.106944
2 0.396094 0.650000 0.064062 0.108333
2 0.227734 0.443750 0.063281 0.106944
2 0.096875 0.538889 0.070312 0.111111
