0 0.095703 0.571528 0.111719 0.270833
0 0.228516 0.570833 0.102344 0.272222
0 0.387891 0.600694 0.094531 0.287500
0 0.557422 0.620833 0.091406 0.302778
0 0.734375 0.638194 0.106250 0.315278
2 0.744531 0.476389 0.076563 0.133333
2 0.733594 0.603472 0.073438 0.123611
2 0.730469 0.702083 0.071875 0.115278
2 0.392969 0.570139 0.060937 0.109722
2 0.386719 0.662500 0.064062 0.108333
2 0.218359 0.451389 0.063281 0.105556
2 0.091797 0.543056 0.071094 0.108333
1 0.090234 0.440278 0.063281 0.100000
1 0.104688 0.629861 0.065625 0.104167
1 0.233203 0.527778 0.060156 0.100000
1 0.231641 0.624306 0.063281 0.109722
1 0.382422 0.459028 0.066406 0.115278
1 0.562891 0.468750 0.071094 0.120833
1 0.553516 0.572222 0.064844 0.105556
1 0.560547 0.686111 0.069531 0.127778
