1 0.069531 0.431250 0.062500 0.098611
1 0.089063 0.616667 0.065625 0.105556
1 0.210156 0.514583 0.060937 0.104167
1 0.210547 0.613889 0.064844 0.111111
1 0.350000 0.443750 0.067187 0.115278
1 0.526953 0.451389 0.071094 0.122222
1 0.521484 0.554861 0.066406 0.109722
1 0.528516 0.670833 0.069531 0.130556
2 0.711719 0.451389 0.078125 0.130556
2 0.701562 0.583333 0.075000 0.127778
2 0.702734 0.687500 0.072656 0.116667
2 0.360938 0.554167 0.062500 0.105556
2 0.358203 0.647917 0.064844 0.109722
2 0.191797 0.438889 0.063281 0.105556
2 0.072266 0.531944 0.071094 0.111111
0 0.078125 0.561111 0.117188 0.269444
0 0.205469 0.557639 0.107813 0.273611
0 0.357812 0.585417 0.100000 0.290278
0 0.524609 0.606250 0.094531 0.301389
