1 0.048047 0.354861 0.066406 0.104167
1 0.072266 0.550694 0.067969 0.106944
1 0.194922 0.437500 0.064844 0.108333
1 0.197266 0.540972 0.067969 0.115278
1 0.335938 0.339583 0.071875 0.129167
1 0.522266 0.329167 0.078906 0.141667
1 0.520703 0.445833 0.074219 0.122222
1 0.529297 0.573611 0.075781 0.138889
2 0.724609 0.313194 0.086719 0.145833
2 0.716016 0.456944 0.083594 0.141667
2 0.719531 0.578472 0.082812 0.129167
2 0.350781 0.456944 0.065625 0.113889
2 0.349219 0.564583 0.070312 0.118056
2 0.172266 0.351389 0.069531 0.113889
2 0.051953 0.459722 0.077344 0.108333
0 0.062891 0.493056 0.124219 0.280556
0 0.189844 0.480556 0.118750 0.286111
0 0.348047 0.494444 0.113281 0.308333
0 0.524219 0.500694 0.107813 0.323611
0 0.719141 0.503472 0.108594 0.343056
