0 0.067578 0.423611 0.127344 0.280556
0 0.198437 0.406250 0.121875 0.287500
0 0.356641 0.402083 0.117969 0.312500
0 0.535937 0.395833 0.114062 0.333333
0 0.737891 0.383333 0.116406 0.352778
2 0.741406 0.179861 0.090625 0.156944
2 0.733203 0.331250 0.086719 0.143056
2 0.739453 0.463889 0.083594 0.136111
2 0.358594 0.361806 0.068750 0.115278
2 0.358594 0.477083 0.070312 0.123611
2 0.178906 0.268750 0.070312 0.115278
2 0.059766 0.390278 0.075781 0.116667
1 0.055859 0.281250 0.067969 0.104167
1 0.080859 0.486111 0.069531 0.108333
1 0.203125 0.361806 0.065625 0.106944
1 0.205859 0.469444 0.067969 0.113889
1 0.342187 0.245139 0.073438 0.129167
1 0.532031 0.214583 0.081250 0.148611
1 0.531641 0.341667 0.074219 0.125000
1 0.542578 0.471528 0.078906 0.143056
