0 0.069141 0.517361 0.125781 0.279167
0 0.199609 0.504861 0.116406 0.284722
0 0.357812 0.509722 0.117188 0.311111
0 0.530078 0.512500 0.105469 0.319444
0 0.728516 0.506250 0.116406 0.351389
2 0.731250 0.308333 0.085938 0.147222
2 0.724609 0.454861 0.085156 0.148611
2 0.729688 0.584028 0.081250 0.134722
2 0.358984 0.471528 0.066406 0.115278
2 0.358203 0.581944 0.069531 0.122222
2 0.182031 0.370139 0.068750 0.115278
2 0.063672 0.485417 0.075781 0.109722
1 0.060156 0.379167 0.065625 0.102778
1 0.082031 0.580556 0.065625 0.108333
1 0.204687 0.460417 0.060937 0.101389
1 0.206641 0.567361 0.064844 0.115278
1 0.344922 0.352778 0.072656 0.122222
1 0.530078 0.331944 0.077344 0.138889
1 0.528516 0.455556 0.072656 0.122222
1 0.539453 0.581250 0.075781 0.137500
