0 0.103125 0.641667 0.114062 0.263889
0 0.227734 0.631944 0.103906 0.272222
0 0.379688 0.653472 0.101562 0.295833
0 0.545312 0.668056 0.096875 0.305556
0 0.726953 0.679167 0.100781 0.325000
2 0.731641 0.503472 0.078906 0.131944
2 0.723828 0.638889 0.077344 0.133333
2 0.727734 0.744444 0.075781 0.119444
2 0.383203 0.624306 0.061719 0.109722
2 0.380078 0.720139 0.064844 0.106944
2 0.213281 0.512500 0.062500 0.105556
2 0.096875 0.611806 0.068750 0.104167
1 0.094141 0.511111 0.061719 0.097222
1 0.112891 0.695139 0.063281 0.104167
1 0.232813 0.589583 0.059375 0.101389
1 0.233594 0.688194 0.064062 0.109722
1 0.369531 0.510417 0.067187 0.115278
1 0.546094 0.509722 0.071875 0.119444
1 0.542578 0.615972 0.069531 0.109722
1 0.551172 0.734722 0.069531 0.130556
