0 0.122266 0.629861 0.116406 0.270833
0 0.252344 0.618750 0.106250 0.276389
0 0.411719 0.634722 0.100000 0.294444
0 0.580469 0.645833 0.095312 0.300000
0 0.761328 0.650694 0.099219 0.318056
1 0.112500 0.499306 0.062500 0.098611
1 0.132812 0.688194 0.064062 0.101389
1 0.256250 0.576389 0.059375 0.100000
1 0.257422 0.672917 0.061719 0.106944
1 0.401172 0.495139 0.064844 0.118056
1 0.582422 0.492361 0.069531 0.123611
1 0.576562 0.594444 0.067187 0.108333
1 0.585938 0.709722 0.070312 0.127778
2 0.764453 0.481944 0.078906 0.130556
2 0.757812 0.612500 0.076563 0.130556
2 0.759375 0.712500 0.073438 0.119444
2 0.416016 0.604861 0.061719 0.109722
2 0.410938 0.698611 0.064062 0.111111
2 0.238672 0.500000 0.063281 0.102778
2 0.117578 0.602083 0.067969 0.109722
