0 0.145313 0.623611 0.114062 0.275000
0 0.282031 0.607639 0.104688 0.276389
0 0.447266 0.620833 0.096094 0.286111
0 0.617578 0.622222 0.089844 0.294444
0 0.795312 0.620833 0.101562 0.308333
2 0.800000 0.458333 0.078125 0.125000
2 0.793359 0.583333 0.074219 0.125000
2 0.791797 0.682639 0.069531 0.115278
2 0.453516 0.588194 0.063281 0.109722
2 0.446484 0.679861 0.063281 0.115278
2 0.270313 0.487500 0.062500 0.105556
2 0.142578 0.595833 0.067969 0.111111
1 0.136328 0.491667 0.063281 0.102778
1 0.155078 0.681944 0.064844 0.102778
1 0.283984 0.565972 0.060156 0.098611
1 0.285938 0.663194 0.062500 0.112500
1 0.439063 0.477778 0.065625 0.113889
1 0.623828 0.472222 0.069531 0.119444
1 0.613281 0.570833 0.065625 0.113889
1 0.623437 0.686111 0.068750 0.125000
