1 0.147656 0.481250 0.062500 0.101389
1 0.162500 0.671528 0.065625 0.106944
1 0.295703 0.553472 0.058594 0.098611
1 0.295703 0.652083 0.061719 0.109722
1 0.455078 0.471528 0.063281 0.112500
1 0.636719 0.466667 0.065625 0.113889
1 0.624219 0.561111 0.064062 0.105556
1 0.631641 0.673611 0.067969 0.119444
2 0.801562 0.454861 0.071875 0.118056
2 0.794141 0.574306 0.069531 0.115278
2 0.788672 0.665972 0.066406 0.112500
2 0.468750 0.577083 0.062500 0.106944
2 0.459375 0.666667 0.060937 0.113889
2 0.286328 0.477083 0.061719 0.104167
2 0.154688 0.584722 0.067187 0.108333
0 0.155078 0.614583 0.110156 0.276389
0 0.293359 0.597222 0.097656 0.269444
0 0.462109 0.608333 0.088281 0.277778
0 0.628906 0.608333 0.085938 0.286111
0 0.794141 0.606944 0.097656 0.288889
