0 0.149219 0.645833 0.114062 0.291667
0 0.294922 0.625000 0.097656 0.277778
0 0.472656 0.625694 0.087500 0.281944
0 0.639844 0.617361 0.087500 0.284722
0 0.799609 0.609722 0.099219 0.283333
2 0.805859 0.461806 0.071094 0.118056
2 0.800391 0.574306 0.066406 0.118056
2 0.791797 0.665278 0.064844 0.111111
2 0.481641 0.594444 0.063281 0.113889
2 0.467578 0.684722 0.064844 0.113889
2 0.291406 0.497917 0.064062 0.106944
2 0.148047 0.613889 0.072656 0.119444
1 0.140625 0.506250 0.065625 0.104167
1 0.153906 0.706250 0.067187 0.109722
1 0.297266 0.579861 0.060156 0.098611
1 0.294922 0.679167 0.061719 0.113889
1 0.466797 0.487500 0.064844 0.113889
1 0.650781 0.475694 0.065625 0.112500
1 0.634375 0.569444 0.060937 0.105556
1 0.643750 0.679861 0.067187 0.120833
