0 0.156250 0.650000 0.112500 0.291667
0 0.301953 0.618750 0.096094 0.273611
0 0.478906 0.613889 0.084375 0.275000
0 0.639453 0.596528 0.082031 0.279167
0 0.789453 0.579861 0.092969 0.270833
2 0.792969 0.438194 0.067187 0.109722
2 0.790625 0.545833 0.064062 0.108333
2 0.782813 0.636111 0.059375 0.102778
2 0.487500 0.581250 0.062500 0.104167
2 0.474219 0.671528 0.062500 0.109722
2 0.299219 0.497917 0.064062 0.106944
2 0.155859 0.619444 0.074219 0.116667
1 0.147266 0.511111 0.064844 0.105556
1 0.162109 0.713194 0.067969 0.106944
1 0.302734 0.579167 0.060156 0.094444
1 0.303125 0.676389 0.064062 0.113889
1 0.472656 0.476389 0.062500 0.111111
1 0.650391 0.459722 0.063281 0.113889
1 0.633203 0.550000 0.061719 0.108333
1 0.642969 0.657639 0.065625 0.118056
