1 0.129688 0.453472 0.067187 0.106944
1 0.145703 0.657639 0.069531 0.101389
1 0.286719 0.519444 0.060937 0.097222
1 0.288672 0.615972 0.066406 0.109722
1 0.455078 0.412500 0.063281 0.108333
1 0.628906 0.388194 0.064062 0.098611
1 0.612500 0.484028 0.060937 0.095833
1 0.621484 0.584722 0.063281 0.111111
2 0.139844 0.559028 0.071875 0.112500
2 0.283203 0.436111 0.064844 0.108333
2 0.472266 0.512500 0.061719 0.097222
2 0.458984 0.606944 0.060156 0.105556
2 0.763672 0.363889 0.063281 0.100000
2 0.761719 0.472917 0.062500 0.098611
2 0.753906 0.562500 0.056250 0.094444
0 0.139063 0.589583 0.114062 0.293056
0 0.286328 0.558333 0.097656 0.275000
0 0.461328 0.546528 0.085156 0.273611
0 0.618750 0.527083 0.084375 0.270833
0 0.758203 0.508333 0.088281 0.261111
