1 0.083594 0.347222 0.059375 0.097222
1 0.096484 0.435417 0.060156 0.098611
1 0.493359 0.240972 0.050781 0.093056
1 0.509766 0.316667 0.050781 0.086111
1 0.498437 0.405556 0.053125 0.094444
1 0.703516 0.391667 0.055469 0.091667
2 0.260156 0.250694 0.057813 0.104167
2 0.251563 0.339583 0.056250 0.087500
2 0.273047 0.426389 0.053906 0.091667
2 0.714453 0.299306 0.049219 0.084722
2 0.917578 0.275694 0.057031 0.087500
2 0.919141 0.371528 0.061719 0.093056
0 0.088672 0.381250 0.100781 0.237500
0 0.259766 0.372917 0.088281 0.231944
0 0.501172 0.350000 0.077344 0.230556
0 0.705469 0.333333 0.076563 0.230556
0 0.919531 0.314583 0.090625 0.231944
