1 0.089063 0.342361 0.059375 0.093056
1 0.101172 0.434028 0.060156 0.098611
1 0.500391 0.238194 0.049219 0.090278
1 0.516016 0.312500 0.050781 0.083333
1 0.505469 0.403472 0.053125 0.093056
1 0.708984 0.387500 0.053906 0.091667
2 0.268359 0.246528 0.058594 0.098611
2 0.258203 0.337500 0.055469 0.088889
2 0.281250 0.422917 0.054688 0.095833
2 0.719141 0.294444 0.049219 0.080556
2 0.918750 0.272917 0.056250 0.090278
2 0.921094 0.365972 0.062500 0.090278
0 0.094531 0.379861 0.103125 0.240278
0 0.268750 0.368750 0.092188 0.240278
0 0.508203 0.346528 0.075781 0.231944
0 0.710547 0.328472 0.077344 0.231944
0 0.923438 0.310417 0.092188 0.226389
