1 0.081641 0.340972 0.063281 0.101389
1 0.092578 0.431944 0.063281 0.097222
1 0.495703 0.230556 0.050781 0.086111
1 0.510938 0.309722 0.048438 0.086111
1 0.500000 0.399306 0.051562 0.095833
1 0.700781 0.382639 0.053125 0.093056
2 0.264062 0.244444 0.059375 0.097222
2 0.254297 0.335417 0.055469 0.090278
2 0.275000 0.420833 0.056250 0.094444
2 0.710938 0.293750 0.050000 0.081944
2 0.906250 0.270833 0.056250 0.086111
2 0.908203 0.361806 0.060156 0.093056
0 0.084375 0.374306 0.104688 0.240278
0 0.263281 0.364583 0.089063 0.234722
0 0.502734 0.343750 0.075781 0.231944
0 0.701562 0.325694 0.071875 0.229167
0 0.909375 0.307639 0.089063 0.223611
