1 0.090234 0.350000 0.060156 0.100000
1 0.100781 0.441667 0.064062 0.097222
1 0.500781 0.243056 0.050000 0.086111
1 0.516016 0.317361 0.049219 0.084722
1 0.505469 0.406250 0.051562 0.090278
1 0.701562 0.387500 0.053125 0.086111
2 0.271094 0.254167 0.057813 0.094444
2 0.260937 0.343750 0.053125 0.084722
2 0.283203 0.429861 0.052344 0.093056
2 0.710547 0.298611 0.047656 0.077778
2 0.901172 0.277083 0.053906 0.084722
2 0.903906 0.365278 0.059375 0.091667
0 0.094141 0.388194 0.105469 0.240278
0 0.271484 0.376389 0.088281 0.230556
0 0.507812 0.353472 0.073438 0.223611
0 0.704688 0.331250 0.075000 0.226389
0 0.904297 0.313889 0.086719 0.219444
