1 0.088672 0.353472 0.061719 0.101389
1 0.099609 0.445139 0.061719 0.098611
1 0.503906 0.241667 0.048438 0.088889
1 0.517969 0.316667 0.051562 0.080556
1 0.507422 0.405556 0.052344 0.091667
1 0.704297 0.382639 0.052344 0.087500
2 0.273828 0.255556 0.058594 0.097222
2 0.262891 0.347222 0.057031 0.094444
2 0.285156 0.428472 0.054688 0.095833
2 0.713672 0.296528 0.047656 0.081944
2 0.901172 0.271528 0.053906 0.087500
2 0.903516 0.363194 0.057031 0.087500
0 0.092578 0.390972 0.103906 0.245833
0 0.271484 0.372917 0.086719 0.240278
0 0.510547 0.348611 0.074219 0.227778
0 0.705859 0.329167 0.077344 0.225000
0 0.903906 0.306250 0.085938 0.223611
