1 0.088672 0.357639 0.061719 0.101389
1 0.099609 0.454861 0.061719 0.098611
1 0.508594 0.240972 0.053125 0.084722
1 0.523438 0.318750 0.051562 0.084722
1 0.512891 0.407639 0.053906 0.090278
1 0.710156 0.383333 0.053125 0.088889
2 0.276562 0.256250 0.057813 0.098611
2 0.265234 0.349306 0.055469 0.090278
2 0.287109 0.436111 0.055469 0.094444
2 0.719922 0.296528 0.049219 0.081944
2 0.903906 0.270833 0.051562 0.086111
2 0.907422 0.358333 0.060156 0.091667
0 0.092188 0.395139 0.104688 0.251389
0 0.275391 0.377778 0.088281 0.244444
0 0.516797 0.350694 0.074219 0.229167
0 0.710938 0.327778 0.076563 0.225000
0 0.907422 0.306250 0.086719 0.218056
