1 0.099219 0.361806 0.062500 0.106944
1 0.109375 0.456250 0.064062 0.104167
1 0.522656 0.244444 0.051562 0.091667
1 0.536328 0.321528 0.052344 0.090278
1 0.526953 0.412500 0.053906 0.091667
1 0.721875 0.388889 0.051562 0.091667
2 0.289453 0.257639 0.060156 0.098611
2 0.277734 0.349306 0.057031 0.087500
2 0.300391 0.436806 0.055469 0.095833
2 0.730859 0.298611 0.047656 0.083333
2 0.915234 0.273611 0.053906 0.086111
2 0.917969 0.361806 0.057813 0.093056
0 0.100781 0.398611 0.107813 0.252778
0 0.287891 0.382639 0.089844 0.240278
0 0.530078 0.353472 0.074219 0.229167
0 0.724609 0.331944 0.077344 0.225000
0 0.919141 0.309722 0.086719 0.216667
