1 0.103516 0.356944 0.063281 0.102778
1 0.114453 0.453472 0.063281 0.101389
1 0.530859 0.245833 0.050781 0.088889
1 0.542578 0.322222 0.049219 0.086111
1 0.532422 0.410417 0.052344 0.095833
1 0.728516 0.392361 0.052344 0.090278
2 0.296484 0.257639 0.058594 0.098611
2 0.283203 0.350000 0.055469 0.088889
2 0.306641 0.438889 0.057031 0.097222
2 0.737891 0.304167 0.049219 0.080556
2 0.921094 0.279167 0.053125 0.083333
2 0.923828 0.368750 0.058594 0.093056
0 0.107031 0.398611 0.106250 0.252778
0 0.295312 0.382639 0.089063 0.243056
0 0.535937 0.358333 0.075000 0.230556
0 0.732031 0.335417 0.078125 0.226389
0 0.924609 0.314583 0.089844 0.220833
