1 0.100000 0.356944 0.064062 0.102778
1 0.109766 0.452083 0.064844 0.101389
1 0.529297 0.250694 0.050781 0.090278
1 0.542188 0.326389 0.051562 0.083333
1 0.530469 0.415972 0.053125 0.095833
1 0.726953 0.397222 0.052344 0.088889
2 0.294141 0.256944 0.058594 0.100000
2 0.281250 0.352778 0.057813 0.094444
2 0.303906 0.440278 0.056250 0.100000
2 0.736719 0.309028 0.048438 0.079167
2 0.916797 0.286111 0.053906 0.083333
2 0.919531 0.372917 0.057813 0.098611
0 0.103125 0.399306 0.106250 0.254167
0 0.291797 0.381250 0.088281 0.248611
0 0.533203 0.361806 0.075781 0.229167
0 0.729297 0.340278 0.078906 0.225000
0 0.920703 0.326389 0.088281 0.222222
