1 0.100391 0.353472 0.063281 0.101389
1 0.108594 0.450000 0.064062 0.105556
1 0.528906 0.247917 0.050000 0.090278
1 0.540625 0.325000 0.050000 0.083333
1 0.529687 0.415972 0.051562 0.090278
1 0.725000 0.394444 0.051562 0.086111
2 0.293359 0.256944 0.058594 0.100000
2 0.280078 0.349306 0.055469 0.090278
2 0.302734 0.437500 0.057031 0.100000
2 0.734766 0.306250 0.049219 0.081944
2 0.916016 0.284722 0.050781 0.083333
2 0.919141 0.375000 0.058594 0.086111
0 0.103125 0.393750 0.106250 0.251389
0 0.291797 0.381250 0.086719 0.243056
0 0.535156 0.356944 0.073438 0.230556
0 0.728906 0.338889 0.078125 0.222222
0 0.920312 0.322222 0.089063 0.216667
