1 0.102734 0.354861 0.063281 0.101389
1 0.111719 0.450000 0.064062 0.102778
1 0.528906 0.245833 0.051562 0.088889
1 0.540625 0.324306 0.050000 0.081944
1 0.529687 0.411806 0.053125 0.093056
1 0.726172 0.393056 0.052344 0.091667
2 0.295312 0.256944 0.057813 0.100000
2 0.282031 0.351389 0.056250 0.091667
2 0.304297 0.440278 0.057031 0.097222
2 0.735156 0.305556 0.048438 0.080556
2 0.917969 0.283333 0.053125 0.086111
2 0.919531 0.372222 0.059375 0.088889
0 0.105078 0.395139 0.105469 0.251389
0 0.293359 0.379167 0.088281 0.241667
0 0.535547 0.357639 0.074219 0.226389
0 0.729297 0.337500 0.077344 0.219444
0 0.921875 0.318750 0.089063 0.218056
