1 0.107813 0.354167 0.062500 0.102778
1 0.116797 0.450000 0.061719 0.105556
1 0.532422 0.242361 0.050781 0.087500
1 0.545312 0.320139 0.051562 0.081944
1 0.535156 0.409722 0.054688 0.094444
1 0.732812 0.388194 0.053125 0.087500
2 0.299219 0.254167 0.059375 0.100000
2 0.285547 0.347917 0.055469 0.090278
2 0.308984 0.438889 0.057031 0.094444
2 0.742188 0.298611 0.050000 0.080556
2 0.927734 0.275000 0.053906 0.086111
2 0.932813 0.365278 0.064062 0.088889
0 0.110547 0.395139 0.105469 0.251389
0 0.538281 0.352778 0.073438 0.230556
0 0.735547 0.332639 0.077344 0.223611
0 0.931641 0.311806 0.089844 0.220833
0 0.298047 0.379167 0.091406 0.244444
