1 0.115625 0.356944 0.062500 0.100000
1 0.125391 0.451389 0.063281 0.102778
1 0.542188 0.238889 0.051562 0.086111
1 0.555078 0.316667 0.052344 0.091667
1 0.544141 0.409722 0.055469 0.086111
1 0.744531 0.385417 0.053125 0.090278
2 0.307031 0.254861 0.059375 0.098611
2 0.294141 0.346528 0.057031 0.093056
2 0.316797 0.438889 0.057031 0.097222
2 0.755078 0.297222 0.050781 0.080556
2 0.942969 0.271528 0.054688 0.084722
2 0.946875 0.359722 0.060937 0.091667
0 0.117578 0.395139 0.108594 0.245833
0 0.304688 0.377778 0.089063 0.244444
0 0.548047 0.352083 0.072656 0.231944
0 0.747656 0.329861 0.081250 0.231944
0 0.946484 0.308333 0.092969 0.225000
