1 0.123438 0.358333 0.062500 0.102778
1 0.132812 0.453472 0.064062 0.098611
1 0.548828 0.238194 0.050781 0.087500
1 0.562109 0.316667 0.050781 0.086111
1 0.551562 0.408333 0.053125 0.097222
1 0.753125 0.386111 0.053125 0.091667
2 0.312500 0.253472 0.057813 0.098611
2 0.300391 0.347222 0.057031 0.091667
2 0.323437 0.435417 0.056250 0.098611
2 0.762891 0.295833 0.050781 0.083333
2 0.955078 0.267361 0.055469 0.087500
2 0.956641 0.361111 0.060156 0.094444
0 0.125391 0.395139 0.107031 0.248611
0 0.312500 0.380556 0.087500 0.241667
0 0.555078 0.351389 0.074219 0.233333
0 0.755078 0.328472 0.080469 0.231944
0 0.955469 0.306944 0.089063 0.225000
