1 0.115234 0.354167 0.063281 0.102778
1 0.125000 0.450000 0.062500 0.105556
1 0.544531 0.239583 0.051562 0.090278
1 0.557031 0.318056 0.051562 0.086111
1 0.546484 0.409028 0.053906 0.095833
1 0.747266 0.388194 0.053906 0.095833
2 0.307422 0.251389 0.057031 0.097222
2 0.296094 0.346528 0.056250 0.093056
2 0.317188 0.436111 0.056250 0.094444
2 0.756641 0.298611 0.050781 0.083333
2 0.946484 0.275694 0.055469 0.084722
2 0.948828 0.367361 0.058594 0.090278
0 0.116797 0.394444 0.107031 0.252778
0 0.305078 0.379861 0.089844 0.243056
0 0.549219 0.352083 0.071875 0.231944
0 0.749609 0.332639 0.078906 0.223611
0 0.950781 0.311806 0.090625 0.220833
