1 0.114453 0.361111 0.064844 0.105556
1 0.121875 0.459722 0.064062 0.108333
1 0.544141 0.256250 0.052344 0.087500
1 0.555859 0.334722 0.050781 0.088889
1 0.545312 0.425694 0.056250 0.090278
1 0.744141 0.405556 0.055469 0.086111
2 0.307812 0.261806 0.059375 0.098611
2 0.294922 0.355556 0.057031 0.094444
2 0.316016 0.448611 0.058594 0.100000
2 0.753516 0.322917 0.050781 0.084722
2 0.938672 0.303472 0.057031 0.090278
2 0.941016 0.389583 0.058594 0.093056
0 0.115625 0.400000 0.104688 0.252778
0 0.304688 0.390278 0.085938 0.241667
0 0.549219 0.370833 0.073438 0.227778
0 0.745313 0.353472 0.078125 0.229167
0 0.941797 0.338889 0.091406 0.219444
