0 0.117578 0.405556 0.099219 0.247222
1 0.116016 0.362500 0.064844 0.100000
1 0.123047 0.464583 0.064844 0.098611
0 0.308594 0.399306 0.081250 0.240278
2 0.312891 0.275000 0.058594 0.100000
2 0.298828 0.370833 0.055469 0.094444
2 0.317969 0.459028 0.056250 0.095833
0 0.552344 0.388194 0.070312 0.223611
1 0.548828 0.274306 0.050781 0.087500
1 0.559375 0.354167 0.051562 0.083333
1 0.547656 0.443750 0.053125 0.090278
0 0.748828 0.377778 0.080469 0.222222
2 0.755078 0.345833 0.047656 0.080556
1 0.745703 0.432639 0.053906 0.090278
2 0.943359 0.369444 0.088281 0.213889
2 0.938672 0.331944 0.053906 0.083333
2 0.941797 0.421528 0.058594 0.090278
