0 0.118750 0.405556 0.095312 0.244444
1 0.117969 0.360417 0.062500 0.098611
1 0.122656 0.463194 0.065625 0.104167
0 0.310156 0.404167 0.079687 0.233333
2 0.314844 0.278472 0.056250 0.098611
2 0.300000 0.372222 0.054688 0.094444
2 0.318359 0.462500 0.057031 0.097222
0 0.552344 0.401389 0.071875 0.219444
1 0.549219 0.286806 0.050000 0.090278
1 0.558203 0.365278 0.050781 0.083333
1 0.547656 0.453472 0.053125 0.093056
0 0.746875 0.395139 0.075000 0.215278
2 0.753125 0.362500 0.050000 0.080556
1 0.744531 0.447917 0.053125 0.093056
0 0.940234 0.390972 0.086719 0.212500
2 0.936719 0.355556 0.053125 0.083333
2 0.939453 0.443750 0.058594 0.093056
