0 0.108594 0.403472 0.095312 0.245833
1 0.108203 0.358333 0.064844 0.100000
1 0.112109 0.461806 0.066406 0.104167
0 0.301563 0.404861 0.081250 0.231944
2 0.307422 0.277083 0.060156 0.101389
2 0.290625 0.370833 0.054688 0.097222
2 0.309375 0.460417 0.057813 0.098611
0 0.544531 0.397917 0.070312 0.220833
1 0.541406 0.285417 0.050000 0.087500
1 0.551172 0.363194 0.050781 0.087500
1 0.539453 0.454167 0.052344 0.094444
0 0.737891 0.395833 0.074219 0.216667
2 0.743750 0.363194 0.046875 0.079167
1 0.734766 0.447222 0.053906 0.091667
0 0.927734 0.392361 0.083594 0.206944
2 0.923828 0.355556 0.052344 0.080556
2 0.926953 0.443750 0.058594 0.090278
