0 0.107031 0.404861 0.096875 0.243056
0 0.301172 0.403472 0.083594 0.237500
2 0.305859 0.275694 0.058594 0.104167
2 0.290625 0.372917 0.056250 0.095833
2 0.309766 0.462500 0.057031 0.100000
1 0.107031 0.361111 0.064062 0.102778
1 0.110547 0.465278 0.066406 0.102778
0 0.543359 0.402083 0.069531 0.215278
1 0.540234 0.286806 0.049219 0.087500
1 0.550391 0.366667 0.050781 0.080556
1 0.539453 0.454861 0.053906 0.093056
0 0.735156 0.395833 0.076563 0.213889
2 0.741797 0.364583 0.049219 0.079167
1 0.734375 0.450000 0.051562 0.088889
0 0.924219 0.393056 0.082812 0.205556
2 0.919922 0.356944 0.052344 0.077778
2 0.923438 0.442361 0.056250 0.093056
