0 0.101562 0.405556 0.098437 0.244444
1 0.100391 0.359028 0.064844 0.101389
1 0.104297 0.463889 0.066406 0.105556
0 0.295703 0.404167 0.082031 0.233333
2 0.301953 0.275000 0.058594 0.100000
2 0.285547 0.370139 0.057031 0.098611
2 0.305859 0.461111 0.057031 0.100000
0 0.539844 0.398611 0.070312 0.216667
1 0.535547 0.282639 0.050781 0.090278
1 0.546484 0.363194 0.050781 0.084722
1 0.535156 0.450000 0.054688 0.094444
0 0.733203 0.390278 0.074219 0.213889
2 0.739062 0.359722 0.046875 0.080556
1 0.730859 0.444444 0.052344 0.088889
0 0.919922 0.385417 0.083594 0.206944
2 0.916016 0.351389 0.050781 0.083333
2 0.919922 0.436111 0.057031 0.088889
