0 0.532422 0.393750 0.071094 0.218056
1 0.528516 0.278472 0.050781 0.090278
1 0.539062 0.359722 0.051562 0.083333
1 0.528906 0.447222 0.053125 0.094444
0 0.285938 0.402083 0.082812 0.237500
2 0.292969 0.273611 0.059375 0.100000
2 0.276172 0.370833 0.057031 0.100000
2 0.296875 0.460417 0.056250 0.098611
0 0.091016 0.406944 0.097656 0.247222
1 0.090234 0.361111 0.066406 0.105556
1 0.095703 0.466667 0.067969 0.105556
0 0.725000 0.384722 0.075000 0.213889
2 0.730859 0.352083 0.047656 0.079167
1 0.723047 0.438194 0.052344 0.090278
0 0.912109 0.377083 0.083594 0.204167
2 0.908203 0.341667 0.052344 0.080556
2 0.913672 0.427083 0.058594 0.090278
