0 0.282031 0.404861 0.084375 0.237500
2 0.287891 0.275000 0.060156 0.102778
2 0.271875 0.372222 0.057813 0.097222
2 0.292187 0.461111 0.057813 0.097222
0 0.086328 0.410417 0.099219 0.248611
1 0.084766 0.363889 0.066406 0.102778
1 0.090234 0.471528 0.067969 0.104167
0 0.528906 0.393056 0.070312 0.219444
1 0.524219 0.277778 0.050000 0.088889
1 0.535937 0.357639 0.050000 0.084722
1 0.525000 0.446528 0.053125 0.095833
0 0.721484 0.379167 0.075781 0.213889
2 0.727344 0.350000 0.046875 0.083333
1 0.719922 0.435417 0.050781 0.090278
0 0.908203 0.371528 0.082031 0.206944
2 0.904687 0.336111 0.051562 0.080556
2 0.909375 0.422222 0.057813 0.088889
